Districtname,Year,Paddy,Jowar,Bajra,Maize,Ragi,Wheat,Barley,Gram,TurArhar,SugarRaw,Potato,Tobacco,Groundnut,state,RapeMustard,Sesamum,Linseed,CasterSeed,Toria,Cotton,Jute,Sannhemp,Pepper,Ginger,Chilly,Turmeric,Mesta,GramBlack,Banana,Coconut,Rice,ChillyGreen,TurmericRaw,Soyabean,Sunflower,Arecanut,Cashewnut,Tapioca,Peeper,NigerSeed
ANDAMAN&NICOBAR ISLANDS,1998-99,550,..,..,..,..,..,..,..,..,50,..,..,..,ANDAMAN&NICOBARISLANDS(Concluded).,,,,,,,,,,,,,,,,,,,,,,,,,,
,1999-00,550,..,..,..,..,..,..,..,..,608,..,..,. .,ANDAMAN&NICOBARISLANDS(Concluded).,,,,,,,,,,,,,,,,,,,,,,,,,,
,2000-01,625,..,..,..,..,..,..,..,..,575,..,..,..,ANDAMAN&NICOBARISLANDS(Concluded).,,,,,,,,,,,,,,,,,,,,,,,,,,
ANDAMAN&NICOBAR ISLANDS,1998-99,550,..,..,..,..,..,..,..,..,50,..,..,..,ANDAMAN&NICOBARISLANDS(Concluded).,,,,,,,,,,,,,,,,,,,,,,,,,,
,1999-00,550,..,..,..,..,..,..,..,..,608,..,..,..,ANDAMAN&NICOBARISLANDS(Concluded).,,,,,,,,,,,,,,,,,,,,,,,,,,
(S.W.Average),2000-01,625,..,..,..,..,..,..,..,..,575,..,..,..,ANDAMAN&NICOBARISLANDS(Concluded).,,,,,,,,,,,,,,,,,,,,,,,,,,
DIBRUGARH,1998-99,453,..,..,..,..,..,..,..,..,1840,450,..,..,INDIA.STATEASSAMDISTRICT-WISE(Cont,,,,,,,,,,,,,,,,,,,,,,,,,,
,1999-00,420,..,..,..,..,..,..,..,..,..,400,..,..,INDIA.STATEASSAMDISTRICT-WISE(Cont,,,,,,,,,,,,,,,,,,,,,,,,,,
,2000-01,362,..,..,..,..,..,..,..,..,1800,418,..,..,INDIA.STATEASSAMDISTRICT-WISE(Cont,,,,,,,,,,,,,,,,,,,,,,,,,,
NORTH LAKHIMPUR,1998-99,543,..,..,..,..,..,..,..,..,..,586,..,..,INDIA.STATEASSAMDISTRICT-WISE(Cont,,,,,,,,,,,,,,,,,,,,,,,,,,
,1999-00,483,..,..,..,..,..,..,..,..,..,600,..,..,INDIA.STATEASSAMDISTRICT-WISE(Cont,,,,,,,,,,,,,,,,,,,,,,,,,,
,2000-01,388,..,..,..,..,..,..,..,..,..,450,..,..,INDIA.STATEASSAMDISTRICT-WISE(Cont,,,,,,,,,,,,,,,,,,,,,,,,,,
,,406,..,..,..,..,..,..,..,..,..,..,..,..,INDIA.STATEASSAMDISTRICT-WISE(Cont,,,,,,,,,,,,,,,,,,,,,,,,,,
KARBI ANGLONG,1998-99,641,..,..,533,..,1010,..,1954,1998,364,955,3993,..,INDIA.STATEASSAMDISTRICT-WISE(Cont,,,,,,,,,,,,,,,,,,,,,,,,,,
,,642,..,..,..,..,..,..,..,..,1843,..,..,..,INDIA.STATEASSAMDISTRICT-WISE(Cont,,,,,,,,,,,,,,,,,,,,,,,,,,
,1999-00,503,..,..,588,..,1488,..,2141,1806,250,533,4375,..,INDIA.STATEASSAMDISTRICT-WISE(Cont,,,,,,,,,,,,,,,,,,,,,,,,,,
,,528,..,..,..,..,..,..,..,..,1700,..,..,..,INDIA.STATEASSAMDISTRICT-WISE(Cont,,,,,,,,,,,,,,,,,,,,,,,,,,
,2000-00,548,..,..,605,..,1915,..,2076,2075,263,640,4129,..,INDIA.STATEASSAMDISTRICT-WISE(Cont,,,,,,,,,,,,,,,,,,,,,,,,,,
,,452,..,..,..,..,..,..,..,..,1754,..,..,..,INDIA.STATEASSAMDISTRICT-WISE(Cont,,,,,,,,,,,,,,,,,,,,,,,,,,
N.C.HILLS,1998-99,..,..,..,..,..,..,..,..,..,..,..,..,..,INDIA.STATEASSAMDISTRICT-WISE(Cont,,,,,,,,,,,,,,,,,,,,,,,,,,
,1999-00,..,..,..,..,..,..,..,..,..,..,..,..,..,INDIA.STATEASSAMDISTRICT-WISE(Cont,,,,,,,,,,,,,,,,,,,,,,,,,,
,2000-01,..,..,..,..,..,..,..,..,..,..,350,..,..,INDIA.STATEASSAMDISTRICT-WISE(Cont,,,,,,,,,,,,,,,,,,,,,,,,,,
TINSUKIA,1998-99,571,..,..,..,..,..,..,..,..,1850,1000,..,..,INDIA.STATEASSAMDISTRICT-WISE(Cont,,,,,,,,,,,,,,,,,,,,,,,,,,
,1999-00,..,..,..,..,..,..,..,..,..,..,..,..,..,INDIA.STATEASSAMDISTRICT-WISE(Cont,,,,,,,,,,,,,,,,,,,,,,,,,,
,1998-99,..,..,..,..,..,..,..,..,..,..,..,..,..,INDIA.STATEASSAMDISTRICT-WISE(Cont,,,,,,,,,,,,,,,,,,,,,,,,,,
KOKARAJHAR,1998-99,679,..,..,592,..,600,..,..,..,..,827,..,..,INDIA.STATEASSAMDISTRICT-WISE(Cont,,,,,,,,,,,,,,,,,,,,,,,,,,
,,596,..,..,..,..,..,..,..,..,..,..,..,..,INDIA.STATEASSAMDISTRICT-WISE(Cont,,,,,,,,,,,,,,,,,,,,,,,,,,
,1999-00,617,..,..,..,..,550,..,..,..,..,316,..,..,INDIA.STATEASSAMDISTRICT-WISE(Cont,,,,,,,,,,,,,,,,,,,,,,,,,,
,,618,..,..,..,..,..,..,..,..,..,..,..,..,INDIA.STATEASSAMDISTRICT-WISE(Cont,,,,,,,,,,,,,,,,,,,,,,,,,,
,2000-01,600,..,..,..,..,544,..,..,..,..,457,..,..,INDIA.STATEASSAMDISTRICT-WISE(Cont,,,,,,,,,,,,,,,,,,,,,,,,,,
,,542,..,..,..,..,..,..,..,..,..,..,..,..,INDIA.STATEASSAMDISTRICT-WISE(Cont,,,,,,,,,,,,,,,,,,,,,,,,,,
BARPETA,1998-99,673,..,..,..,..,..,..,..,..,..,810,..,..,INDIA.STATEASSAMDISTRICT-WISE(Cont,,,,,,,,,,,,,,,,,,,,,,,,,,
,,638,..,..,..,..,..,..,..,..,..,..,..,..,INDIA.STATEASSAMDISTRICT-WISE(Cont,,,,,,,,,,,,,,,,,,,,,,,,,,
,1999-00,633,..,..,..,..,..,..,..,..,..,283,..,..,INDIA.STATEASSAMDISTRICT-WISE(Cont,,,,,,,,,,,,,,,,,,,,,,,,,,
,,631,..,..,..,..,..,..,..,..,..,..,..,..,INDIA.STATEASSAMDISTRICT-WISE(Cont,,,,,,,,,,,,,,,,,,,,,,,,,,
,2000-00,663,..,..,..,..,..,..,..,..,..,457,..,..,INDIA.STATEASSAMDISTRICT-WISE(Cont,,,,,,,,,,,,,,,,,,,,,,,,,,
,,620,..,..,..,..,..,..,..,..,..,..,..,..,INDIA.STATEASSAMDISTRICT-WISE(Cont,,,,,,,,,,,,,,,,,,,,,,,,,,
SANGRUR,1998-99,470,..,500,..,..,550,415,1500,..,1200,..,..,1090,INDIA.STATEPUNJABDISTRICT-WISE(Con,,,,,,,,,,,,,,,,,,,,,,,,,,
,1999-00,470,..,402,650,..,580,538,1500,..,1200,..,..,1090,INDIA.STATEPUNJABDISTRICT-WISE(Con,,,,,,,,,,,,,,,,,,,,,,,,,,
,2000-01,540,..,400,500,..,620,600,1600,..,900,..,..,1400,INDIA.STATEPUNJABDISTRICT-WISE(Con,,,,,,,,,,,,,,,,,,,,,,,,,,
ROPAR,1998-99,550,..,..,550,..,575,530,1800,..,1200,..,..,..,INDIA.STATEPUNJABDISTRICT-WISE(Con,,,,,,,,,,,,,,,,,,,,,,,,,,
,1999-00,550,..,..,560,..,580,..,1490,..,1210,..,..,..,INDIA.STATEPUNJABDISTRICT-WISE(Con,,,,,,,,,,,,,,,,,,,,,,,,,,
,2000-01,580,..,..,500,..,610,..,1550,..,1250,..,..,..,INDIA.STATEPUNJABDISTRICT-WISE(Con,,,,,,,,,,,,,,,,,,,,,,,,,,
FARIDKOT,1998-99,470,..,..,..,..,550,495,1600,..,1850,..,..,1450,INDIA.STATEPUNJABDISTRICT-WISE(Con,,,,,,,,,,,,,,,,,,,,,,,,,,
,1999-00,550,700,..,..,..,535,500,2000,..,1000,..,..,..,INDIA.STATEPUNJABDISTRICT-WISE(Con,,,,,,,,,,,,,,,,,,,,,,,,,,
,2000-01,540,..,..,..,..,580,542,2000,..,1000,..,..,..,INDIA.STATEPUNJABDISTRICT-WISE(Con,,,,,,,,,,,,,,,,,,,,,,,,,,
MANSA,1998-99,470,..,450,..,..,510,490,1300,..,950,..,..,..,INDIA.STATEPUNJABDISTRICT-WISE(Con,,,,,,,,,,,,,,,,,,,,,,,,,,
,1999-00,520,..,550,..,..,550,450,1200,..,..,..,..,..,INDIA.STATEPUNJABDISTRICT-WISE(Con,,,,,,,,,,,,,,,,,,,,,,,,,,
,2000-01,540,..,415,..,..,590,406,1200,..,1200,..,..,..,INDIA.STATEPUNJABDISTRICT-WISE(Con,,,,,,,,,,,,,,,,,,,,,,,,,,
FATEHGARHSAHIB,1998-99,500,..,..,580,..,575,470,..,..,1050,..,..,..,INDIA.STATEPUNJABDISTRICT-WISE(Con,,,,,,,,,,,,,,,,,,,,,,,,,,
,1999-00,540,..,..,550,..,580,450,..,..,1100,..,..,..,INDIA.STATEPUNJABDISTRICT-WISE(Con,,,,,,,,,,,,,,,,,,,,,,,,,,
,2000-01,540,..,..,550,..,580,450,950,..,1150,..,..,..,INDIA.STATEPUNJABDISTRICT-WISE(Con,,,,,,,,,,,,,,,,,,,,,,,,,,
MUKTSAR,1998-99,520,..,..,..,..,620,500,1020,..,1000,..,..,..,INDIA.STATEPUNJABDISTRICT-WISE(Con,,,,,,,,,,,,,,,,,,,,,,,,,,
,1999-00,520,..,..,501,..,650,392,1700,..,1000,..,..,..,INDIA.STATEPUNJABDISTRICT-WISE(Con,,,,,,,,,,,,,,,,,,,,,,,,,,
,2000-01,540,..,..,400,..,580,550,1700,..,1000,..,..,..,INDIA.STATEPUNJABDISTRICT-WISE(Con,,,,,,,,,,,,,,,,,,,,,,,,,,
MOGA,1998-99,500,650,..,..,..,550,470,1300,..,..,..,..,..,INDIA.STATEPUNJABDISTRICT-WISE(Con,,,,,,,,,,,,,,,,,,,,,,,,,,
,1999-00,520,..,..,..,..,580,470,1700,..,..,..,..,..,INDIA.STATEPUNJABDISTRICT-WISE(Con,,,,,,,,,,,,,,,,,,,,,,,,,,
,2000-01,540,..,550,..,..,580,400,1200,..,1200,..,..,..,INDIA.STATEPUNJABDISTRICT-WISE(Con,,,,,,,,,,,,,,,,,,,,,,,,,,
NAWANSHAHAR,1998-99,445,..,..,455,..,510,..,..,..,1050,..,..,..,INDIA.STATEPUNJABDISTRICT-WISE(Con,,,,,,,,,,,,,,,,,,,,,,,,,,
,1999-00,445,..,..,460,..,540,..,..,..,1050,..,..,..,INDIA.STATEPUNJABDISTRICT-WISE(Con,,,,,,,,,,,,,,,,,,,,,,,,,,
,2000-01,540,..,..,485,..,610,..,..,..,1020,..,..,..,INDIA.STATEPUNJABDISTRICT-WISE(Con,,,,,,,,,,,,,,,,,,,,,,,,,,
PUNJAB,1998-99,482,575,512,547,..,550,489,1245,..,1080,..,..,1378,INDIA.STATEPUNJABDISTRICT-WISE(Con,,,,,,,,,,,,,,,,,,,,,,,,,,
(STATE weighted,1999-00,497,..,489,466,..,568,491,1435,..,1078,..,..,1508,INDIA.STATEPUNJABDISTRICT-WISE(Con,,,,,,,,,,,,,,,,,,,,,,,,,,
AVERAGE),2000-01,518,590,455,477,..,590,521,1366,..,1115,..,..,1625,INDIA.STATEPUNJABDISTRICT-WISE(Con,,,,,,,,,,,,,,,,,,,,,,,,,,
HOSHIARPUR,1998-99,,,,,,,,,,,,,,INDIA.STATEPUNJABDISTRICT-WISE(Con,1600,1280,..,..,..,..,..,..,..,..,..,..,..,,,,,,,,,,,,,
,1999-00,,,,,,,,,,,,,,INDIA.STATEPUNJABDISTRICT-WISE(Con,1100,1280,..,..,..,..,..,..,..,..,..,..,..,,,,,,,,,,,,,
,2000-01,,,,,,,,,,,,,,INDIA.STATEPUNJABDISTRICT-WISE(Con,1035,1280,1900,..,..,..,..,..,..,..,..,..,..,,,,,,,,,,,,,
JULLUNDER,1998-99,,,,,,,,,,,,,,INDIA.STATEPUNJABDISTRICT-WISE(Con,1200,1950,1500,..,..,..,..,..,..,..,..,..,..,,,,,,,,,,,,,
,1999-00,,,,,,,,,,,,,,INDIA.STATEPUNJABDISTRICT-WISE(Con,1500,1950,1550,..,..,..,..,..,..,..,..,..,..,,,,,,,,,,,,,
,2000-01,,,,,,,,,,,,,,INDIA.STATEPUNJABDISTRICT-WISE(Con,1500,1700,1900,..,..,..,..,..,..,..,..,..,..,,,,,,,,,,,,,
LUDHIANA,1998-99,,,,,,,,,,,,,,INDIA.STATEPUNJABDISTRICT-WISE(Con,1250,..,..,..,..,1600D,..,..,..,..,..,..,..,,,,,,,,,,,,,
,,,,,,,,,,,,,,,INDIA.STATEPUNJABDISTRICT-WISE(Con,..,..,..,..,..,2000A,..,..,..,..,..,..,..,,,,,,,,,,,,,
,1999-00,,,,,,,,,,,,,,INDIA.STATEPUNJABDISTRICT-WISE(Con,1475,..,..,..,..,1675D,..,..,..,..,..,..,..,,,,,,,,,,,,,
,2000-01,,,,,,,,,,,,,,INDIA.STATEPUNJABDISTRICT-WISE(Con,1550,..,..,..,..,1900D,..,..,..,..,..,..,..,,,,,,,,,,,,,
FEROZEPUR,1998-99,,,,,,,,,,,,,,INDIA.STATEPUNJABDISTRICT-WISE(Con,1296,1200,..,..,..,1738D,..,..,..,..,..,..,..,,,,,,,,,,,,,
,,,,,,,,,,,,,,,INDIA.STATEPUNJABDISTRICT-WISE(Con,..,..,..,..,..,2000A,..,..,..,..,..,..,..,,,,,,,,,,,,,
,1999-00,,,,,,,,,,,,,,INDIA.STATEPUNJABDISTRICT-WISE(Con,1123,1538,..,..,..,1456D,..,..,..,..,..,..,..,,,,,,,,,,,,,
,,,,,,,,,,,,,,,INDIA.STATEPUNJABDISTRICT-WISE(Con,..,..,..,..,..,1773A,..,..,..,..,..,..,..,,,,,,,,,,,,,
,2000-01,,,,,,,,,,,,,,INDIA.STATEPUNJABDISTRICT-WISE(Con,1114,1600,..,..,..,1521D,..,..,..,..,..,..,..,,,,,,,,,,,,,
,,,,,,,,,,,,,,,INDIA.STATEPUNJABDISTRICT-WISE(Con,..,..,..,..,..,1937A,..,..,..,..,..,..,..,,,,,,,,,,,,,
AMRITSAR,1998-99,,,,,,,,,,,,,,INDIA.STATEPUNJABDISTRICT-WISE(Con,2000,1900,..,..,1000,2000D,..,..,..,..,..,..,..,,,,,,,,,,,,,
,,,,,,,,,,,,,,,INDIA.STATEPUNJABDISTRICT-WISE(Con,..,..,..,..,..,2000A,..,..,..,..,..,..,..,,,,,,,,,,,,,
,1999-00,,,,,,,,,,,,,,INDIA.STATEPUNJABDISTRICT-WISE(Con,1113,1900,..,..,966,1343D,..,..,..,..,..,..,..,,,,,,,,,,,,,
,,,,,,,,,,,,,,,INDIA.STATEPUNJABDISTRICT-WISE(Con,..,..,..,..,..,2000A,..,..,..,..,..,..,..,,,,,,,,,,,,,
,2000-01,,,,,,,,,,,,,,INDIA.STATEPUNJABDISTRICT-WISE(Con,999,1900,..,..,1064,1230D,..,..,..,..,..,..,..,,,,,,,,,,,,,
GURUDASPUR,1998-99,,,,,,,,,,,,,,INDIA.STATEPUNJABDISTRICT-WISE(Con,1250,2300,1900,..,..,..,..,..,..,..,..,..,..,,,,,,,,,,,,,
,1999-00,,,,,,,,,,,,,,INDIA.STATEPUNJABDISTRICT-WISE(Con,1070,2300,1900,..,..,..,..,..,..,..,..,..,..,,,,,,,,,,,,,
,2000-01,,,,,,,,,,,,,,INDIA.STATEPUNJABDISTRICT-WISE(Con,1100,2200,1700,..,..,..,..,..,..,..,..,..,..,,,,,,,,,,,,,
KAPURTHALA,1998-99,,,,,,,,,,,,,,INDIA.STATEPUNJABDISTRICT-WISE(Con,1300,2050,..,..,..,..,..,..,..,..,..,..,..,,,,,,,,,,,,,
,1999-00,,,,,,,,,,,,,,INDIA.STATEPUNJABDISTRICT-WISE(Con,1155,..,..,..,..,..,..,..,..,..,..,..,..,,,,,,,,,,,,,
,2000-01,,,,,,,,,,,,,,INDIA.STATEPUNJABDISTRICT-WISE(Con,1155,1950,..,..,..,..,..,..,..,..,..,..,..,,,,,,,,,,,,,
BHATINDA,1998-99,,,,,,,,,,,,,,INDIA.STATEPUNJABDISTRICT-WISE(Con,1400,..,..,..,..,1690D,..,..,..,..,..,..,..,,,,,,,,,,,,,
,,,,,,,,,,,,,,,INDIA.STATEPUNJABDISTRICT-WISE(Con,..,..,..,..,..,1885A,..,..,..,..,..,..,..,,,,,,,,,,,,,
,1999-00,,,,,,,,,,,,,,INDIA.STATEPUNJABDISTRICT-WISE(Con,1090,..,..,..,..,1410D,..,..,..,..,..,..,..,,,,,,,,,,,,,
,,,,,,,,,,,,,,,INDIA.STATEPUNJABDISTRICT-WISE(Con,..,..,..,..,..,1970A,..,..,..,..,..,..,..,,,,,,,,,,,,,
,2000-01,,,,,,,,,,,,,,INDIA.STATEPUNJABDISTRICT-WISE(Con,1100,..,..,..,..,1750D,..,..,..,..,..,..,..,,,,,,,,,,,,,
,,,,,,,,,,,,,,,INDIA.STATEPUNJABDISTRICT-WISE(Con,..,..,..,..,..,1950A,..,..,..,..,..,..,..,,,,,,,,,,,,,
PATIALA,1998-99,,,,,,,,,,,,,,INDIA.STATEPUNJABDISTRICT-WISE(Con,1075,..,..,..,925,1570D,..,..,..,..,..,..,..,,,,,,,,,,,,,
,1999-00,,,,,,,,,,,,,,INDIA.STATEPUNJABDISTRICT-WISE(Con,1100,..,..,..,1150,1570D,..,..,..,..,..,..,..,,,,,,,,,,,,,
,2000-01,,,,,,,,,,,,,,INDIA.STATEPUNJABDISTRICT-WISE(Con,1200,..,..,..,1150,1570D,..,..,..,..,..,..,..,,,,,,,,,,,,,
SANGRUR,1998-99,,,,,,,,,,,,,,INDIA.STATEPUNJABDISTRICT-WISE(Con,..,..,..,..,..,1985D,..,..,..,..,..,..,..,,,,,,,,,,,,,
,,,,,,,,,,,,,,,INDIA.STATEPUNJABDISTRICT-WISE(Con,..,..,..,..,..,2000A,..,..,..,..,..,..,..,,,,,,,,,,,,,
,1999-00,,,,,,,,,,,,,,INDIA.STATEPUNJABDISTRICT-WISE(Con,1050,..,..,..,..,1392D,..,..,..,..,..,..,..,,,,,,,,,,,,,
,,,,,,,,,,,,,,,INDIA.STATEPUNJABDISTRICT-WISE(Con,..,..,..,..,..,1917A,..,..,..,..,..,..,..,,,,,,,,,,,,,
,2000-01,,,,,,,,,,,,,,INDIA.STATEPUNJABDISTRICT-WISE(Con,1200,..,..,..,..,1400D,..,..,..,..,..,..,..,,,,,,,,,,,,,
,,,,,,,,,,,,,,,INDIA.STATEPUNJABDISTRICT-WISE(Con,..,..,..,..,..,1800A,..,..,..,..,..,..,..,,,,,,,,,,,,,
ROPAR,1998-99,,,,,,,,,,,,,,INDIA.STATEPUNJABDISTRICT-WISE(Con,1500,2650,1800,..,..,..,..,..,..,..,..,..,..,,,,,,,,,,,,,
,1999-00,,,,,,,,,,,,,,INDIA.STATEPUNJABDISTRICT-WISE(Con,..,..,..,..,..,..,..,..,..,..,..,..,..,,,,,,,,,,,,,
,2000-01,,,,,,,,,,,,,,INDIA.STATEPUNJABDISTRICT-WISE(Con,1950,2150,1750,..,..,..,..,..,..,..,..,..,..,,,,,,,,,,,,,
FARIDKOT,1998-99,,,,,,,,,,,,,,INDIA.STATEPUNJABDISTRICT-WISE(Con,1275,..,..,..,..,2100D,..,..,..,..,..,..,..,,,,,,,,,,,,,
,,,,,,,,,,,,,,,INDIA.STATEPUNJABDISTRICT-WISE(Con,..,..,..,..,..,2000A,..,..,..,..,..,..,..,,,,,,,,,,,,,
,1999-00,,,,,,,,,,,,,,INDIA.STATEPUNJABDISTRICT-WISE(Con,..,..,..,..,..,1505D,..,..,..,..,..,..,..,,,,,,,,,,,,,
,,,,,,,,,,,,,,,INDIA.STATEPUNJABDISTRICT-WISE(Con,..,..,..,..,..,1890A,..,..,..,..,..,..,..,,,,,,,,,,,,,
,2000-01,,,,,,,,,,,,,,INDIA.STATEPUNJABDISTRICT-WISE(Con,1150,..,..,..,..,1400D,..,..,..,..,..,..,..,,,,,,,,,,,,,
,,,,,,,,,,,,,,,INDIA.STATEPUNJABDISTRICT-WISE(Con,..,..,..,..,..,2000A,..,..,..,..,..,..,..,,,,,,,,,,,,,
MANSA,1998-99,,,,,,,,,,,,,,INDIA.STATEPUNJABDISTRICT-WISE(Con,1150,..,..,..,..,1670D,..,..,..,..,..,..,..,,,,,,,,,,,,,
,,,,,,,,,,,,,,,INDIA.STATEPUNJABDISTRICT-WISE(Con,..,..,..,..,..,2000A,..,..,..,..,..,..,..,,,,,,,,,,,,,
,1999-00,,,,,,,,,,,,,,INDIA.STATEPUNJABDISTRICT-WISE(Con,..,..,..,..,..,1450D,..,..,..,..,..,..,..,,,,,,,,,,,,,
,,,,,,,,,,,,,,,INDIA.STATEPUNJABDISTRICT-WISE(Con,..,..,..,..,..,1800A,..,..,..,..,..,..,..,,,,,,,,,,,,,
,2000-01,,,,,,,,,,,,,,INDIA.STATEPUNJABDISTRICT-WISE(Con,1148,..,..,..,..,1507D,..,..,..,..,..,..,..,,,,,,,,,,,,,
,,,,,,,,,,,,,,,INDIA.STATEPUNJABDISTRICT-WISE(Con,..,..,..,..,..,2153A,..,..,..,..,..,..,..,,,,,,,,,,,,,
FATEHGARHSAHIB,1998-99,,,,,,,,,,,,,,INDIA.STATEPUNJABDISTRICT-WISE(Con,1150,..,..,..,..,..,..,..,..,..,..,..,..,,,,,,,,,,,,,
,1999-00,,,,,,,,,,,,,,INDIA.STATEPUNJABDISTRICT-WISE(Con,..,..,..,..,..,..,..,..,..,..,..,..,..,,,,,,,,,,,,,
,2000-01,,,,,,,,,,,,,,INDIA.STATEPUNJABDISTRICT-WISE(Con,1200,..,..,..,..,2100A,..,..,..,..,..,..,..,,,,,,,,,,,,,
MUKTSAR,1998-99,,,,,,,,,,,,,,INDIA.STATEPUNJABDISTRICT-WISE(Con,1180,1800,..,..,..,1900D,..,..,..,..,..,..,..,,,,,,,,,,,,,
,,,,,,,,,,,,,,,INDIA.STATEPUNJABDISTRICT-WISE(Con,..,..,..,..,..,2000A,..,..,..,..,..,..,..,,,,,,,,,,,,,
,1999-00,,,,,,,,,,,,,,INDIA.STATEPUNJABDISTRICT-WISE(Con,1207,1835,..,..,..,1423D,..,..,..,..,..,..,..,,,,,,,,,,,,,
,,,,,,,,,,,,,,,INDIA.STATEPUNJABDISTRICT-WISE(Con,..,..,..,..,..,1850A,..,..,..,..,..,..,..,,,,,,,,,,,,,
,2000-01,,,,,,,,,,,,,,INDIA.STATEPUNJABDISTRICT-WISE(Con,1040,1950,..,..,..,1550D,..,..,..,..,..,..,..,,,,,,,,,,,,,
,,,,,,,,,,,,,,,INDIA.STATEPUNJABDISTRICT-WISE(Con,..,..,..,..,..,2150A,..,..,..,..,..,..,..,,,,,,,,,,,,,
MOGA,1998-99,,,,,,,,,,,,,,INDIA.STATEPUNJABDISTRICT-WISE(Con,1200,..,..,..,..,1800D,..,..,..,..,..,..,..,,,,,,,,,,,,,
,,,,,,,,,,,,,,,INDIA.STATEPUNJABDISTRICT-WISE(Con,..,..,..,..,..,2200A,..,..,..,..,..,..,..,,,,,,,,,,,,,
,1999-00,,,,,,,,,,,,,,INDIA.STATEPUNJABDISTRICT-WISE(Con,..,..,..,..,..,1650D,..,..,..,..,..,..,..,,,,,,,,,,,,,
,,,,,,,,,,,,,,,INDIA.STATEPUNJABDISTRICT-WISE(Con,..,..,..,..,..,1500A,..,..,..,..,..,..,..,,,,,,,,,,,,,
,2000-01,,,,,,,,,,,,,,INDIA.STATEPUNJABDISTRICT-WISE(Con,1200,..,..,..,..,1500D,..,..,..,..,..,..,..,,,,,,,,,,,,,
,,,,,,,,,,,,,,,INDIA.STATEPUNJABDISTRICT-WISE(Con,..,..,..,..,..,2000A,..,..,..,..,..,..,..,,,,,,,,,,,,,
NAWANSHAHAR,1998-99,,,,,,,,,,,,,,INDIA.STATEPUNJABDISTRICT-WISE(Con,1450,..,1800,..,..,1800D,..,..,..,..,..,..,..,,,,,,,,,,,,,
,,,,,,,,,,,,,,,INDIA.STATEPUNJABDISTRICT-WISE(Con,..,..,..,..,..,2200A,..,..,..,..,..,..,..,,,,,,,,,,,,,
,1999-00,,,,,,,,,,,,,,INDIA.STATEPUNJABDISTRICT-WISE(Con,1075,..,1550,..,..,..,..,..,..,..,..,..,..,,,,,,,,,,,,,
,2000-01,,,,,,,,,,,,,,INDIA.STATEPUNJABDISTRICT-WISE(Con,1150,..,1550,..,..,..,..,..,..,..,..,..,..,,,,,,,,,,,,,
PUNJAB,1998-99,,,,,,,,,,,,,,INDIA.STATEPUNJABDISTRICT-WISE(Con,1361,1851,1750,..,987,1775D,..,..,..,..,..,..,..,,,,,,,,,,,,,
(S.W.AVERAGE),,,,,,,,,,,,,,,INDIA.STATEPUNJABDISTRICT-WISE(Con,..,..,..,..,..,1967A,..,..,..,..,..,..,..,,,,,,,,,,,,,
,1999-00,,,,,,,,,,,,,,INDIA.STATEPUNJABDISTRICT-WISE(Con,1180,1874,1705,..,997,1440D,..,..,..,..,..,..,..,,,,,,,,,,,,,
,,,,,,,,,,,,,,,INDIA.STATEPUNJABDISTRICT-WISE(Con,..,..,..,..,..,1855A,..,..,..,..,..,..,..,,,,,,,,,,,,,
,2000-01,,,,,,,,,,,,,,INDIA.STATEPUNJABDISTRICT-WISE(Con,1185,1831,1783,..,1085,1563D,..,..,..,..,..,..,..,,,,,,,,,,,,,
,,,,,,,,,,,,,,,INDIA.STATEPUNJABDISTRICT-WISE(Con,..,..,..,..,..,2018A,..,..,..,..,..,..,..,,,,,,,,,,,,,
PONDICHERRY,1998-99,430C,..,..,..,430,..,..,,..,..,..,..,..,PONDICHERRY(Concluded).,,,,,,,,,,,,,,1636,,,,,,,,,,,,
,1999-00,515C,..,..,..,447,..,..,,..,..,..,..,..,PONDICHERRY(Concluded).,,,,,,,,,,,,,,2078,,,,,,,,,,,,
,2000-01,515C,..,..,..,..,..,..,,..,..,..,..,..,PONDICHERRY(Concluded).,,,,,,,,,,,,,,..,,,,,,,,,,,,
PONDICHERRY,1998-99,430C,..,..,..,430,..,..,,..,..,..,..,..,PONDICHERRY(Concluded).,,,,,,,,,,,,,,1636,,,,,,,,,,,,
(State weighted,1999-00,515C,..,..,..,447,..,..,,..,..,..,..,..,PONDICHERRY(Concluded).,,,,,,,,,,,,,,2078,,,,,,,,,,,,
average),2000-01,515C,..,..,..,..,..,..,,..,..,..,..,..,PONDICHERRY(Concluded).,,,,,,,,,,,,,,..,,,,,,,,,,,,
PONDICHERRY,1998-99,,,,,,,,,,,,,,PONDICHERRY(Concluded).,..,..,..,..,..,1806,..,..,..,..,..,..,..,,,,,,,,,,,,,
,1999-00,,,,,,,,,,,,,,PONDICHERRY(Concluded).,..,..,..,..,..,1704,..,..,..,..,..,..,..,,,,,,,,,,,,,
,2000-01,,,,,,,,,,,,,,PONDICHERRY(Concluded).,..,..,..,..,..,2056,..,..,..,..,..,..,..,,,,,,,,,,,,,
PONDICHERRY,1998-99,,,,,,,,,,,,,,PONDICHERRY(Concluded).,..,..,..,..,..,1806,..,..,..,..,..,..,..,,,,,,,,,,,,,
(State weighted,1999-00,,,,,,,,,,,,,,PONDICHERRY(Concluded).,..,..,..,..,..,1704,..,..,..,..,..,..,..,,,,,,,,,,,,,
average),2000-01,,,,,,,,,,,,,,PONDICHERRY(Concluded).,..,..,..,..,..,2056,..,..,..,..,..,..,..,,,,,,,,,,,,,
AJMER,1998-99,1360r,530,493,522,..,640,472,1152,..,1170,375,..,1377,INDIA.STATERAJASTHANDISTRICT-WISE,,,,,,,,,,,,,,,,,,,,,,,,,,
,1999-00,1640r,702,614,576,..,669,577,1285,..,..,..,..,1111,INDIA.STATERAJASTHANDISTRICT-WISE,,,,,,,,,,,,,,,,,,,,,,,,,,
,2000-01,1108r,503,493,555,..,696,463,1745,..,1201,403,..,1306,INDIA.STATERAJASTHANDISTRICT-WISE,,,,,,,,,,,,,,,,,,,,,,,,,,
ALWER,1998-99,..,437,371,445,..,542,475,1072,1535,..,..,..,1316,INDIA.STATERAJASTHANDISTRICT-WISE,,,,,,,,,,,,,,,,,,,,,,,,,,
,1999-00,..,565,574,591,..,..,..,..,..,..,..,..,1430,INDIA.STATERAJASTHANDISTRICT-WISE,,,,,,,,,,,,,,,,,,,,,,,,,,
,2000-01,..,409,378,462,..,556,392,1781,1185,..,..,..,1314,INDIA.STATERAJASTHANDISTRICT-WISE,,,,,,,,,,,,,,,,,,,,,,,,,,
BANASWARA,1998-99,736,263,395,426,..,585,466,1101,..,..,..,..,1473,INDIA.STATERAJASTHANDISTRICT-WISE,,,,,,,,,,,,,,,,,,,,,,,,,,
,,1786r,..,..,..,..,..,..,..,..,..,..,..,..,INDIA.STATERAJASTHANDISTRICT-WISE,,,,,,,,,,,,,,,,,,,,,,,,,,
,1999-00,787,366,374,475,..,720,619,1270,..,..,..,3127,1604,INDIA.STATERAJASTHANDISTRICT-WISE,,,,,,,,,,,,,,,,,,,,,,,,,,
,,1583r,..,..,..,..,..,..,..,..,..,..,..,..,INDIA.STATERAJASTHANDISTRICT-WISE,,,,,,,,,,,,,,,,,,,,,,,,,,
,2000-01,628,373,383,500,..,683,630,1686,..,..,748,3481,1390,INDIA.STATERAJASTHANDISTRICT-WISE,,,,,,,,,,,,,,,,,,,,,,,,,,
,,1356r,..,..,..,..,..,..,..,..,..,..,..,..,INDIA.STATERAJASTHANDISTRICT-WISE,,,,,,,,,,,,,,,,,,,,,,,,,,
BARMER,1998-99,..,597,533,617,..,710,563,..,..,..,..,..,..,INDIA.STATERAJASTHANDISTRICT-WISE,,,,,,,,,,,,,,,,,,,,,,,,,,
,1999-00,..,518,671,..,..,798,603,..,..,..,..,..,..,INDIA.STATERAJASTHANDISTRICT-WISE,,,,,,,,,,,,,,,,,,,,,,,,,,
,2000-01,..,690,500,..,..,735,519,..,..,..,548,..,..,INDIA.STATERAJASTHANDISTRICT-WISE,,,,,,,,,,,,,,,,,,,,,,,,,,
BHARATPUR,1998-99,817r,421,376,465,..,552,437,1052,1504,972,349,1415,1659,INDIA.STATERAJASTHANDISTRICT-WISE,,,,,,,,,,,,,,,,,,,,,,,,,,
,1999-00,666r,488,517,483,..,612,544,1168,1350,1098,291,875,1530,INDIA.STATERAJASTHANDISTRICT-WISE,,,,,,,,,,,,,,,,,,,,,,,,,,
,2000-01,676r,439,355,448,..,630,423,1609,1226,1050,345,800,1535,INDIA.STATERAJASTHANDISTRICT-WISE,,,,,,,,,,,,,,,,,,,,,,,,,,
BHILWARA,1998-99,1300r,469,471,495,..,742,507,1024,..,..,378,..,1318,INDIA.STATERAJASTHANDISTRICT-WISE,,,,,,,,,,,,,,,,,,,,,,,,,,
,1999-00,..,597,577,535,..,717,645,1184,..,..,283,..,1357,INDIA.STATERAJASTHANDISTRICT-WISE,,,,,,,,,,,,,,,,,,,,,,,,,,
,2000-01,..,562,518,529,..,691,486,1675,..,..,513,..,1323,INDIA.STATERAJASTHANDISTRICT-WISE,,,,,,,,,,,,,,,,,,,,,,,,,,
BIKANER,1998-99,1073r,493,533,..,..,588,455,1111,..,..,..,..,1480,INDIA.STATERAJASTHANDISTRICT-WISE,,,,,,,,,,,,,,,,,,,,,,,,,,
,1999-00,..,641,..,..,..,669,602,1333,..,..,..,..,1355,INDIA.STATERAJASTHANDISTRICT-WISE,,,,,,,,,,,,,,,,,,,,,,,,,,
,2000-01,..,430,518,..,..,646,553,1737,..,..,..,..,1300,INDIA.STATERAJASTHANDISTRICT-WISE,,,,,,,,,,,,,,,,,,,,,,,,,,
BUNDI,1998-99,854,450,440,484,..,711,457,1012,..,912,401,..,1189,INDIA.STATERAJASTHANDISTRICT-WISE(,,,,,,,,,,,,,,,,,,,,,,,,,,
,,1568r,..,..,..,..,..,..,..,..,..,..,..,..,INDIA.STATERAJASTHANDISTRICT-WISE(,,,,,,,,,,,,,,,,,,,,,,,,,,
,1999-00,870,725,610,525,..,613,560,1108,1407,1045,359,..,1280,INDIA.STATERAJASTHANDISTRICT-WISE(,,,,,,,,,,,,,,,,,,,,,,,,,,
,,1800r,..,..,..,..,..,..,..,..,..,..,..,..,INDIA.STATERAJASTHANDISTRICT-WISE(,,,,,,,,,,,,,,,,,,,,,,,,,,
,2000-01,639,552,452,476,..,..,..,..,..,..,..,..,1154,INDIA.STATERAJASTHANDISTRICT-WISE(,,,,,,,,,,,,,,,,,,,,,,,,,,
,,1767r,..,..,..,..,..,..,..,..,..,..,..,..,INDIA.STATERAJASTHANDISTRICT-WISE(,,,,,,,,,,,,,,,,,,,,,,,,,,
CHITTOR-GARH,1998-99,2560r,407,..,452,..,590,529,990,..,..,416,..,1654,INDIA.STATERAJASTHANDISTRICT-WISE(,,,,,,,,,,,,,,,,,,,,,,,,,,
,1999-00,1930r,398,..,464,..,650,608,1176,..,..,..,..,..,INDIA.STATERAJASTHANDISTRICT-WISE(,,,,,,,,,,,,,,,,,,,,,,,,,,
,2000-01,..,533,..,495,..,667,608,1425,..,..,..,..,1331,INDIA.STATERAJASTHANDISTRICT-WISE(,,,,,,,,,,,,,,,,,,,,,,,,,,
CHURU,1998-99,..,..,471,..,..,628,496,1103,..,..,..,..,1413,INDIA.STATERAJASTHANDISTRICT-WISE(,,,,,,,,,,,,,,,,,,,,,,,,,,
,1999-00,..,..,675,..,..,695,512,1344,..,..,..,..,1300,INDIA.STATERAJASTHANDISTRICT-WISE(,,,,,,,,,,,,,,,,,,,,,,,,,,
,2000-01,..,..,470,..,..,625,402,1625,..,..,..,..,1388,INDIA.STATERAJASTHANDISTRICT-WISE(,,,,,,,,,,,,,,,,,,,,,,,,,,
DAUSA,1998-99,..,412,390,415,..,547,468,1052,..,..,..,..,1171,INDIA.STATERAJASTHANDISTRICT-WISE(,,,,,,,,,,,,,,,,,,,,,,,,,,
,1999-00,..,..,..,..,..,599,537,1235,..,..,..,..,..,INDIA.STATERAJASTHANDISTRICT-WISE(,,,,,,,,,,,,,,,,,,,,,,,,,,
,2000-01,..,497,390,466,..,..,..,..,..,..,..,..,1349,INDIA.STATERAJASTHANDISTRICT-WISE(,,,,,,,,,,,,,,,,,,,,,,,,,,
DHOLPUR,1998-99,530,399,369,475,..,540,485,1087,869,..,225,..,1563,INDIA.STATERAJASTHANDISTRICT-WISE(,,,,,,,,,,,,,,,,,,,,,,,,,,
,,901r,..,..,..,..,..,..,..,..,..,..,..,..,INDIA.STATERAJASTHANDISTRICT-WISE(,,,,,,,,,,,,,,,,,,,,,,,,,,
,1999-00,916r,475,429,413,..,564,520,1227,950,..,125,..,1457,INDIA.STATERAJASTHANDISTRICT-WISE(,,,,,,,,,,,,,,,,,,,,,,,,,,
,2000-01,1103r,443,362,484,..,540,499,1629,..,..,..,..,1229,INDIA.STATERAJASTHANDISTRICT-WISE(,,,,,,,,,,,,,,,,,,,,,,,,,,
DUNGARPUR,1998-99,507,450,475,471,..,640,525,1025,..,910,..,..,1362,INDIA.STATERAJASTHANDISTRICT-WISE(,,,,,,,,,,,,,,,,,,,,,,,,,,
,,1030r,..,..,..,..,..,..,..,..,..,..,..,..,INDIA.STATERAJASTHANDISTRICT-WISE(,,,,,,,,,,,,,,,,,,,,,,,,,,
,1999-00,665,500,475,519,..,771,646,1316,..,880,330,..,..,INDIA.STATERAJASTHANDISTRICT-WISE(,,,,,,,,,,,,,,,,,,,,,,,,,,
,,946r,..,..,..,..,..,..,..,..,..,..,..,..,INDIA.STATERAJASTHANDISTRICT-WISE(,,,,,,,,,,,,,,,,,,,,,,,,,,
,2000-01,566,550,510,565,..,756,595,1718,..,1116,830,..,1500,INDIA.STATERAJASTHANDISTRICT-WISE(,,,,,,,,,,,,,,,,,,,,,,,,,,
,,966r,..,..,..,..,..,..,..,..,..,..,..,..,INDIA.STATERAJASTHANDISTRICT-WISE(,,,,,,,,,,,,,,,,,,,,,,,,,,
GANGANAGAR,1998-99,519,..,419,..,..,550,493,1260,..,..,..,..,1926,INDIA.STATERAJASTHANDISTRICT-WISE(,,,,,,,,,,,,,,,,,,,,,,,,,,
,,1035r,..,..,..,..,..,..,..,..,..,..,..,..,INDIA.STATERAJASTHANDISTRICT-WISE(,,,,,,,,,,,,,,,,,,,,,,,,,,
,1999-00,570,..,..,..,..,650,552,1326,..,..,..,..,1352,INDIA.STATERAJASTHANDISTRICT-WISE(,,,,,,,,,,,,,,,,,,,,,,,,,,
,2000-01,590,..,..,..,..,615,425,1851,..,..,..,..,1470,INDIA.STATERAJASTHANDISTRICT-WISE(,,,,,,,,,,,,,,,,,,,,,,,,,,
JAIPUR,1998-99,..,448,360,455,..,632,459,1085,1032,..,..,..,1319,INDIA.STATERAJASTHANDISTRICT-WISE(,,,,,,,,,,,,,,,,,,,,,,,,,,
,1999-00,..,740,623,612,..,758,571,1273,1357,..,..,..,1444,INDIA.STATERAJASTHANDISTRICT-WISE(,,,,,,,,,,,,,,,,,,,,,,,,,,
,2000-01,..,582,405,517,..,615,424,1699,1380,..,..,..,1422,INDIA.STATERAJASTHANDISTRICT-WISE(,,,,,,,,,,,,,,,,,,,,,,,,,,
JAISALMER,1998-99,..,..,..,..,..,750,..,1180,..,..,..,..,..,INDIA.STATERAJASTHANDISTRICT-WISE(,,,,,,,,,,,,,,,,,,,,,,,,,,
,1999-00,..,..,..,..,..,..,..,..,..,..,..,..,..,INDIA.STATERAJASTHANDISTRICT-WISE(,,,,,,,,,,,,,,,,,,,,,,,,,,
,2000-01,..,..,..,..,..,..,..,..,..,..,..,..,..,INDIA.STATERAJASTHANDISTRICT-WISE(,,,,,,,,,,,,,,,,,,,,,,,,,,
JALLORE,1998-99,..,630,530,630,..,775,580,1050,..,..,..,1200,2200,INDIA.STATERAJASTHANDISTRICT-WISE(,,,,,,,,,,,,,,,,,,,,,,,,,,
,1999-00,..,635,700,670,..,843,654,..,..,..,..,1250,2250,INDIA.STATERAJASTHANDISTRICT-WISE(,,,,,,,,,,,,,,,,,,,,,,,,,,
,2000-01,..,622,534,674,..,769,592,1480,..,..,..,..,1354,INDIA.STATERAJASTHANDISTRICT-WISE(,,,,,,,,,,,,,,,,,,,,,,,,,,
JHALAWAR,1998-99,845r,678,572,449,..,594,509,1000,..,..,290,..,1550,INDIA.STATERAJASTHANDISTRICT-WISE(,,,,,,,,,,,,,,,,,,,,,,,,,,
,1999-00,1122r,737,729,496,..,612,506,1200,..,..,320,..,1100,INDIA.STATERAJASTHANDISTRICT-WISE(,,,,,,,,,,,,,,,,,,,,,,,,,,
,2000-01,1253r,800,540,461,..,594,472,1475,..,..,500,..,1593,INDIA.STATERAJASTHANDISTRICT-WISE(,,,,,,,,,,,,,,,,,,,,,,,,,,
JHUNJHUNU,1998-99,..,..,460,..,..,629,456,1149,..,..,..,..,..,INDIA.STATERAJASTHANDISTRICT-WISE(,,,,,,,,,,,,,,,,,,,,,,,,,,
,1999-00,..,..,630,..,..,695,450,1259,..,..,..,..,..,INDIA.STATERAJASTHANDISTRICT-WISE(,,,,,,,,,,,,,,,,,,,,,,,,,,
,2000-01,..,..,458,..,..,628,472,1597,..,..,..,..,..,INDIA.STATERAJASTHANDISTRICT-WISE(,,,,,,,,,,,,,,,,,,,,,,,,,,
JODHPUR,1998-99,..,590,527,593,..,665,555,1064,..,..,..,..,1166,INDIA.STATERAJASTHANDISTRICT-WISE(,,,,,,,,,,,,,,,,,,,,,,,,,,
,1999-00,632,830,734,615,..,751,655,1292,..,..,..,..,1134,INDIA.STATERAJASTHANDISTRICT-WISE(,,,,,,,,,,,,,,,,,,,,,,,,,,
,2000-01,..,683,526,565,..,693,549,1823,..,..,..,..,1226,INDIA.STATERAJASTHANDISTRICT-WISE(,,,,,,,,,,,,,,,,,,,,,,,,,,
KOTA,1998-99,1105r,632,..,523,..,558,503,1091,1374,780,391,..,1191,INDIA.STATERAJASTHANDISTRICT-WISE(,,,,,,,,,,,,,,,,,,,,,,,,,,
,1999-00,499,736,..,527,..,636,553,1214,1195,860,391,..,1286,INDIA.STATERAJASTHANDISTRICT-WISE(,,,,,,,,,,,,,,,,,,,,,,,,,,
,,995r,..,..,..,..,..,..,..,..,..,..,..,..,INDIA.STATERAJASTHANDISTRICT-WISE(,,,,,,,,,,,,,,,,,,,,,,,,,,
,2000 01,..,540,..,396,..,641,781,1527,1150,1110,308,..,1013,INDIA.STATERAJASTHANDISTRICT-WISE(,,,,,,,,,,,,,,,,,,,,,,,,,,
BARAN,1998-99,1042r,509,535,458,..,567,448,1092,..,922,377,..,1010,INDIA.STATERAJASTHANDISTRICT-WISE(,,,,,,,,,,,,,,,,,,,,,,,,,,
,1999-00,1198r,639,539,552,..,614,552,1209,1527,977,378,..,1336,INDIA.STATERAJASTHANDISTRICT-WISE(,,,,,,,,,,,,,,,,,,,,,,,,,,
,2000-01,1040r,590,430,498,..,606,415,1635,1085,1113,495,..,1427,INDIA.STATERAJASTHANDISTRICT-WISE(,,,,,,,,,,,,,,,,,,,,,,,,,,
NAGAUR,1998-99,..,502,483,510,..,666,465,1130,..,..,..,..,1312,INDIA.STATERAJASTHANDISTRICT-WISE(,,,,,,,,,,,,,,,,,,,,,,,,,,
,1999-00,..,752,649,637,..,729,567,1252,..,..,..,..,1324,INDIA.STATERAJASTHANDISTRICT-WISE(,,,,,,,,,,,,,,,,,,,,,,,,,,
,2000-01,..,571,455,521,..,666,480,1557,..,..,..,..,1326,INDIA.STATERAJASTHANDISTRICT-WISE(,,,,,,,,,,,,,,,,,,,,,,,,,,
PALI,1998-99,..,543,519,556,..,684,540,1066,..,..,..,..,1511,INDIA.STATERAJASTHANDISTRICT-WISE(,,,,,,,,,,,,,,,,,,,,,,,,,,
,1999-00,..,697,650,648,..,798,657,1156,..,..,..,..,1277,INDIA.STATERAJASTHANDISTRICT-WISE(,,,,,,,,,,,,,,,,,,,,,,,,,,
,2000-01,..,589,551,569,..,735,538,..,..,..,..,..,1620,INDIA.STATERAJASTHANDISTRICT-WISE(,,,,,,,,,,,,,,,,,,,,,,,,,,
SWAIMADHOPUR,1998-99,1070r,465,378,396,..,540,474,1127,1474,..,..,..,1173,INDIA.STATERAJASTHANDISTRICT-WISE(,,,,,,,,,,,,,,,,,,,,,,,,,,
,1999-00,1239r,609,531,532,..,613,570,1214,1354,..,..,..,1256,INDIA.STATERAJASTHANDISTRICT-WISE(,,,,,,,,,,,,,,,,,,,,,,,,,,
,2000-01,1151r,558,365,468,..,579,453,1369,1323,..,..,..,1276,INDIA.STATERAJASTHANDISTRICT-WISE(,,,,,,,,,,,,,,,,,,,,,,,,,,
SIKAR,1998-99,..,..,388,..,..,597,442,1105,..,..,..,..,1253,INDIA.STATERAJASTHANDISTRICT-WISE(,,,,,,,,,,,,,,,,,,,,,,,,,,
,1999-00,..,700,591,..,..,713,532,1224,..,..,..,..,1400,INDIA.STATERAJASTHANDISTRICT-WISE(,,,,,,,,,,,,,,,,,,,,,,,,,,
,2000-01,..,600,406,500,..,671,395,1556,..,..,..,..,1282,INDIA.STATERAJASTHANDISTRICT-WISE(,,,,,,,,,,,,,,,,,,,,,,,,,,
RAJSAMAND,1998-99,899r,482,490,460,..,773,544,1101,..,..,..,..,1403,INDIA.STATERAJASTHANDISTRICT-WISE(,,,,,,,,,,,,,,,,,,,,,,,,,,
,1999-00,..,..,..,..,..,730,675,1252,..,..,..,..,..,INDIA.STATERAJASTHANDISTRICT-WISE(,,,,,,,,,,,,,,,,,,,,,,,,,,
,2000-01,1339r,607,598,628,..,731,668,2083,..,..,..,..,1674,INDIA.STATERAJASTHANDISTRICT-WISE(,,,,,,,,,,,,,,,,,,,,,,,,,,
SIROHI,1998-99,1144r,443,483,529,..,738,560,1074,..,..,483,1985,1225,INDIA.STATERAJASTHANDISTRICT-WISE(,,,,,,,,,,,,,,,,,,,,,,,,,,
,1999-00,866r,619,615,618,..,790,646,1363,..,..,367,1775,1241,INDIA.STATERAJASTHANDISTRICT-WISE(,,,,,,,,,,,,,,,,,,,,,,,,,,
,2000-01,1487r,598,595,622,..,799,615,1475,..,..,475,1860,1416,INDIA.STATERAJASTHANDISTRICT-WISE(,,,,,,,,,,,,,,,,,,,,,,,,,,
TONK,1998-99,..,491,426,472,..,524,431,994,1743,..,..,..,1325,INDIA.STATERAJASTHANDISTRICT-WISE(,,,,,,,,,,,,,,,,,,,,,,,,,,
,1999-00,1640r,730,552,534,..,644,533,1156,1359,..,..,..,1264,INDIA.STATERAJASTHANDISTRICT-WISE(,,,,,,,,,,,,,,,,,,,,,,,,,,
,2000-01,1400r,569,406,495,..,573,446,1489,..,..,..,..,1282,INDIA.STATERAJASTHANDISTRICT-WISE(,,,,,,,,,,,,,,,,,,,,,,,,,,
UDAIPUR,1998-99,550,400,..,460,..,657,569,1126,..,800,576,..,1522,INDIA.STATERAJASTHANDISTRICT-WISE(,,,,,,,,,,,,,,,,,,,,,,,,,,
,,942r,..,..,..,..,..,..,..,..,..,..,..,..,INDIA.STATERAJASTHANDISTRICT-WISE(,,,,,,,,,,,,,,,,,,,,,,,,,,
,1999-00,600,462,400,537,..,765,664,1198,..,1100,262,..,1537,INDIA.STATERAJASTHANDISTRICT-WISE(,,,,,,,,,,,,,,,,,,,,,,,,,,
,,962r,..,..,..,..,..,..,..,..,..,..,..,..,INDIA.STATERAJASTHANDISTRICT-WISE(,,,,,,,,,,,,,,,,,,,,,,,,,,
,2000-01,781,560,..,552,..,755,608,1329,..,..,302,..,1463,INDIA.STATERAJASTHANDISTRICT-WISE(,,,,,,,,,,,,,,,,,,,,,,,,,,
,,949r,..,..,..,..,..,..,..,..,..,..,..,..,INDIA.STATERAJASTHANDISTRICT-WISE(,,,,,,,,,,,,,,,,,,,,,,,,,,
HANUMANGARH,1998-99,..,..,498,..,..,642,498,1143,..,..,..,..,1827,INDIA.STATERAJASTHANDISTRICT-WISE(,,,,,,,,,,,,,,,,,,,,,,,,,,
,1999-00,972r,..,532,..,..,593,493,1334,..,..,..,..,2099,INDIA.STATERAJASTHANDISTRICT-WISE(,,,,,,,,,,,,,,,,,,,,,,,,,,
,2000-01,992r,..,600,..,..,611,350,1787,..,..,..,..,1815,INDIA.STATERAJASTHANDISTRICT-WISE(,,,,,,,,,,,,,,,,,,,,,,,,,,
KARAULI,1998-99,800r,450,350,480,..,563,450,1120,..,..,370,..,1620,INDIA.STATERAJASTHANDISTRICT-WISE(,,,,,,,,,,,,,,,,,,,,,,,,,,
,1999-00,1120r,590,560,480,..,619,555,1200,..,..,..,..,1560,INDIA.STATERAJASTHANDISTRICT-WISE(,,,,,,,,,,,,,,,,,,,,,,,,,,
,2000-01,830r,564,356,453,..,568,543,1700,..,..,..,..,1750,INDIA.STATERAJASTHANDISTRICT-WISE(,,,,,,,,,,,,,,,,,,,,,,,,,,
RAJASTHAN,1998-99,750,491,414,459,..,596,476,1173,1329,900,328,1907,1365,INDIA.STATERAJASTHANDISTRICT-WISE(,,,,,,,,,,,,,,,,,,,,,,,,,,
(S.W.Average),,1442r,..,..,..,..,..,..,..,..,..,..,..,..,INDIA.STATERAJASTHANDISTRICT-WISE(,,,,,,,,,,,,,,,,,,,,,,,,,,
,1999-00,770,624,584,515,..,651,563,1207,1291,1040,284,1753,1289,INDIA.STATERAJASTHANDISTRICT-WISE(,,,,,,,,,,,,,,,,,,,,,,,,,,
,,1332r,..,..,..,..,..,..,..,..,..,..,..,..,INDIA.STATERAJASTHANDISTRICT-WISE(,,,,,,,,,,,,,,,,,,,,,,,,,,
,2000-01,641,503,426,521,..,629,433,1644,1209,1091,338,1815,1358,INDIA.STATERAJASTHANDISTRICT-WISE(,,,,,,,,,,,,,,,,,,,,,,,,,,
,,1135r,..,..,..,..,..,..,..,..,..,..,..,..,INDIA.STATERAJASTHANDISTRICT-WISE(,,,,,,,,,,,,,,,,,,,,,,,,,,
SONITPUR,1998-99,690,..,..,600,..,600,..,..,2475,142,579,..,..,INDIA.STATEASSAMDISTRICT-WISE(Cont,,,,,,,,,,,,,,,,,,,,,,,,,,
,,596,..,..,..,..,..,..,..,..,1809,..,..,..,INDIA.STATEASSAMDISTRICT-WISE(Cont,,,,,,,,,,,,,,,,,,,,,,,,,,
,1999-00,566,..,..,..,..,..,..,..,..,208,359,..,..,INDIA.STATEASSAMDISTRICT-WISE(Cont,,,,,,,,,,,,,,,,,,,,,,,,,,
,,519,..,..,..,..,..,..,..,..,1258,..,..,..,INDIA.STATEASSAMDISTRICT-WISE(Cont,,,,,,,,,,,,,,,,,,,,,,,,,,
,2000-01,571,..,..,435,..,500,..,..,2065,200,446,..,..,INDIA.STATEASSAMDISTRICT-WISE(Cont,,,,,,,,,,,,,,,,,,,,,,,,,,
,,433,..,..,..,..,..,..,..,..,1712,..,..,..,INDIA.STATEASSAMDISTRICT-WISE(Cont,,,,,,,,,,,,,,,,,,,,,,,,,,
HAILA-KANDI,1998-99,459,..,..,..,..,..,..,..,..,..,729,..,..,INDIA.STATEASSAMDISTRICT-WISE(Cont,,,,,,,,,,,,,,,,,,,,,,,,,,
,,450,..,..,..,..,..,..,..,..,..,..,..,..,INDIA.STATEASSAMDISTRICT-WISE(Cont,,,,,,,,,,,,,,,,,,,,,,,,,,
,1999-00,455,..,..,..,..,..,..,..,..,..,..,..,..,INDIA.STATEASSAMDISTRICT-WISE(Cont,,,,,,,,,,,,,,,,,,,,,,,,,,
,2000-01,468,..,..,..,..,..,..,..,..,..,988,..,..,INDIA.STATEASSAMDISTRICT-WISE(Cont,,,,,,,,,,,,,,,,,,,,,,,,,,
,,400,..,..,..,..,..,..,..,..,..,..,..,..,INDIA.STATEASSAMDISTRICT-WISE(Cont,,,,,,,,,,,,,,,,,,,,,,,,,,
BONGAIGAON,1998-99,656,..,..,..,..,..,..,..,..,378,417,..,..,INDIA.STATEASSAMDISTRICT-WISE(Cont,,,,,,,,,,,,,,,,,,,,,,,,,,
,,491,..,..,..,..,..,..,..,..,..,..,..,..,INDIA.STATEASSAMDISTRICT-WISE(Cont,,,,,,,,,,,,,,,,,,,,,,,,,,
,1999-00,597,..,..,..,..,566,..,..,..,..,238,..,..,INDIA.STATEASSAMDISTRICT-WISE(Cont,,,,,,,,,,,,,,,,,,,,,,,,,,
,,517,..,..,..,..,..,..,..,..,..,..,..,..,INDIA.STATEASSAMDISTRICT-WISE(Cont,,,,,,,,,,,,,,,,,,,,,,,,,,
,2000-01,563,..,..,..,..,556,..,..,..,290,459,..,..,INDIA.STATEASSAMDISTRICT-WISE(Cont,,,,,,,,,,,,,,,,,,,,,,,,,,
,,454,..,..,..,..,..,..,..,..,..,..,..,..,INDIA.STATEASSAMDISTRICT-WISE(Cont,,,,,,,,,,,,,,,,,,,,,,,,,,
MORIGAON,1998-99,..,..,..,..,..,810,..,..,..,1500,850,..,..,INDIA.STATEASSAMDISTRICT-WISE(Cont,,,,,,,,,,,,,,,,,,,,,,,,,,
,1999-00,598,..,..,..,..,913,..,..,..,1300,325,..,..,INDIA.STATEASSAMDISTRICT-WISE(Cont,,,,,,,,,,,,,,,,,,,,,,,,,,
,,638,..,..,..,..,..,..,..,..,..,..,..,..,INDIA.STATEASSAMDISTRICT-WISE(Cont,,,,,,,,,,,,,,,,,,,,,,,,,,
,2000-01,524,..,..,..,..,1200,..,..,..,1333,403,..,..,INDIA.STATEASSAMDISTRICT-WISE(Cont,,,,,,,,,,,,,,,,,,,,,,,,,,
,,427,..,..,..,..,..,..,..,..,..,..,..,..,INDIA.STATEASSAMDISTRICT-WISE(Cont,,,,,,,,,,,,,,,,,,,,,,,,,,
NALBARI,1998-99,..,..,..,..,..,..,..,..,..,..,..,..,..,INDIA.STATEASSAMDISTRICT-WISE(Cont,,,,,,,,,,,,,,,,,,,,,,,,,,
,1999-00,..,..,..,..,..,..,..,..,..,..,..,..,..,INDIA.STATEASSAMDISTRICT-WISE(Cont,,,,,,,,,,,,,,,,,,,,,,,,,,
,2000-01,576,..,..,458,..,..,..,1845,2050,1136,376,..,..,INDIA.STATEASSAMDISTRICT-WISE(Cont,,,,,,,,,,,,,,,,,,,,,,,,,,
,,349,..,..,..,..,..,..,..,..,..,..,..,..,INDIA.STATEASSAMDISTRICT-WISE(Cont,,,,,,,,,,,,,,,,,,,,,,,,,,
JORHAT,1998-99,500,..,..,554,..,554,..,..,..,..,310,..,..,INDIA.STATEASSAMDISTRICT-WISE(Cont,,,,,,,,,,,,,,,,,,,,,,,,,,
,1999-00,563,..,..,..,..,450,..,..,..,..,600,..,..,INDIA.STATEASSAMDISTRICT-WISE(Cont,,,,,,,,,,,,,,,,,,,,,,,,,,
,,465,..,..,..,..,..,..,..,..,..,..,..,..,INDIA.STATEASSAMDISTRICT-WISE(Cont,,,,,,,,,,,,,,,,,,,,,,,,,,
,2000-01,388,..,..,426,..,426,..,..,..,..,400,..,..,INDIA.STATEASSAMDISTRICT-WISE(Cont,,,,,,,,,,,,,,,,,,,,,,,,,,
,,335,..,..,..,..,..,..,..,..,..,..,. .,..,INDIA.STATEASSAMDISTRICT-WISE(Cont,,,,,,,,,,,,,,,,,,,,,,,,,,
AJMER,1998-99,,,,,,,,,,,,,,INDIA.STATERAJASTHANDISTRICT-WISE(,1206,2305,1207,..,..,1900,..,..,..,..,5947,..,..,,,,,,,,,,,,,
,1999-00,,,,,,,,,,,,,,INDIA.STATERAJASTHANDISTRICT-WISE(,1154,2355,1292,1000,..,1973,..,1700,..,..,4370,..,..,,,,,,,,,,,,,
,2000-01,,,,,,,,,,,,,,INDIA.STATERAJASTHANDISTRICT-WISE(,1169,2049,1400,..,..,2058,..,..,..,..,3820,..,..,,,,,,,,,,,,,
ALWER,1998-99,,,,,,,,,,,,,,INDIA.STATERAJASTHANDISTRICT-WISE(,1255,2351,..,..,..,2034,..,..,..,..,5020,..,..,,,,,,,,,,,,,
,1999-00,,,,,,,,,,,,,,INDIA.STATERAJASTHANDISTRICT-WISE(,..,2175,..,..,..,1740,..,..,..,..,3684,..,..,,,,,,,,,,,,,
,2000-01,,,,,,,,,,,,,,INDIA.STATERAJASTHANDISTRICT-WISE(,1133,1794,..,..,..,1931,..,..,..,..,3025,..,..,,,,,,,,,,,,,
BANASWARA,1998-99,,,,,,,,,,,,,,INDIA.STATERAJASTHANDISTRICT-WISE(,1647,2554,1128,798,..,2018,..,..,..,..,4186,..,..,,,,,,,,,,,,,
,,,,,,,,,,,,,,,INDIA.STATERAJASTHANDISTRICT-WISE(,..,..,..,..,..,4750L,..,..,..,..,..,..,..,,,,,,,,,,,,,
,1999-00,,,,,,,,,,,,,,INDIA.STATERAJASTHANDISTRICT-WISE(,1140,2515,900,1205,..,1904,..,956,..,..,4283,..,..,,,,,,,,,,,,,
,,,,,,,,,,,,,,,INDIA.STATERAJASTHANDISTRICT-WISE(,..,..,..,..,..,4631L,..,..,..,..,..,..,..,,,,,,,,,,,,,
,2000-01,,,,,,,,,,,,,,INDIA.STATERAJASTHANDISTRICT-WISE(,1339,2268,1013,933,..,1927,..,1115,..,2180,3918,..,..,,,,,,,,,,,,,
,,,,,,,,,,,,,,,INDIA.STATERAJASTHANDISTRICT-WISE(,..,..,..,..,..,4925L,..,..,..,..,..,..,..,,,,,,,,,,,,,
BARMER,1998-99,,,,,,,,,,,,,,INDIA.STATERAJASTHANDISTRICT-WISE(,..,2224,..,..,..,..,..,..,..,..,5710,..,..,,,,,,,,,,,,,
,1999-00,,,,,,,,,,,,,,INDIA.STATERAJASTHANDISTRICT-WISE(,1027,2144,..,1663,..,..,..,..,..,..,..,..,..,,,,,,,,,,,,,
,2000-01,,,,,,,,,,,,,,INDIA.STATERAJASTHANDISTRICT-WISE(,1047,1750,..,..,..,..,..,..,..,..,..,..,..,,,,,,,,,,,,,
BHARATPUR,1998-99,,,,,,,,,,,,,,INDIA.STATERAJASTHANDISTRICT-WISE(,..,2531,1050,1280,..,2124,..,1303,..,..,5267,..,..,,,,,,,,,,,,,
,,,,,,,,,,,,,,,INDIA.STATERAJASTHANDISTRICT-WISE(,..,..,..,..,..,3787L,..,..,..,..,..,..,..,,,,,,,,,,,,,
,1999-00,,,,,,,,,,,,,,INDIA.STATERAJASTHANDISTRICT-WISE(,1084,2376,1080,..,..,1971,..,1635,..,..,4283,..,..,,,,,,,,,,,,,
,2000-01,,,,,,,,,,,,,,INDIA.STATERAJASTHANDISTRICT-WISE(,1128,1868,..,..,..,1907,..,..,..,..,4275,..,..,,,,,,,,,,,,,
BHILWARA,1998-99,,,,,,,,,,,,,,INDIA.STATERAJASTHANDISTRICT-WISE(,1152,2396,1206,..,..,1884,..,947,..,..,4607,..,..,,,,,,,,,,,,,
,,,,,,,,,,,,,,,INDIA.STATERAJASTHANDISTRICT-WISE(,..,..,..,..,..,4214L,..,..,..,..,..,..,..,,,,,,,,,,,,,
,1999-00,,,,,,,,,,,,,,INDIA.STATERAJASTHANDISTRICT-WISE(,1141,2278,1184,..,..,1764,..,..,..,..,4263,..,..,,,,,,,,,,,,,
,2000-01,,,,,,,,,,,,,,INDIA.STATERAJASTHANDISTRICT-WISE(,1146,2173,..,877,..,1739,..,..,..,..,4177,..,..,,,,,,,,,,,,,
BIKANER,1998-99,,,,,,,,,,,,,,INDIA.STATERAJASTHANDISTRICT-WISE(,1225,2167,..,..,..,1991,..,..,..,..,..,..,..,,,,,,,,,,,,,
,1999-00,,,,,,,,,,,,,,INDIA.STATERAJASTHANDISTRICT-WISE(,1089,2260,..,..,..,1550,..,..,..,..,..,..,..,,,,,,,,,,,,,
,2000-01,,,,,,,,,,,,,,INDIA.STATERAJASTHANDISTRICT-WISE(,1133,1935,1133,..,..,1587,..,..,..,..,..,..,..,,,,,,,,,,,,,
BUNDI,1998-99,,,,,,,,,,,,,,INDIA.STATERAJASTHANDISTRICT-WISE(,1187,2123,1254,..,..,..,..,..,..,..,2410,..,..,,,,,,,,,,,,,
,1999-00,,,,,,,,,,,,,,INDIA.STATERAJASTHANDISTRICT-WISE(,1050,2200,1183,..,..,..,..,..,..,..,2703,..,..,,,,,,,,,,,,,
,2000-01,,,,,,,,,,,,,,INDIA.STATERAJASTHANDISTRICT-WISE(,..,1809,..,..,..,..,..,..,..,..,3760,..,..,,,,,,,,,,,,,
CHITTOR-GARH,1998-99,,,,,,,,,,,,,,INDIA.STATERAJASTHANDISTRICT-WISE(,1089,2392,1138,..,..,1569,..,..,..,..,6242,..,..,,,,,,,,,,,,,
,1999-00,,,,,,,,,,,,,,INDIA.STATERAJASTHANDISTRICT-WISE(,1129,1760,1347,..,..,1568,..,..,..,..,3792,..,..,,,,,,,,,,,,,
,,,,,,,,,,,,,,,INDIA.STATERAJASTHANDISTRICT-WISE(,..,..,..,..,..,4000L,..,..,..,..,..,..,..,,,,,,,,,,,,,
,2000-01,,,,,,,,,,,,,,INDIA.STATERAJASTHANDISTRICT-WISE(,1145,2096,1441,..,..,..,..,..,..,..,3440,..,..,,,,,,,,,,,,,
CHURU,1998-99,,,,,,,,,,,,,,INDIA.STATERAJASTHANDISTRICT-WISE(,1223,2400,..,..,..,..,..,..,..,..,..,..,..,,,,,,,,,,,,,
,1999-00,,,,,,,,,,,,,,INDIA.STATERAJASTHANDISTRICT-WISE(,1114,2200,..,..,..,..,..,..,..,..,..,..,..,,,,,,,,,,,,,
,2000-01,,,,,,,,,,,,,,INDIA.STATERAJASTHANDISTRICT-WISE(,1075,1950,..,..,..,..,..,..,..,..,..,..,..,,,,,,,,,,,,,
DAUSA,1998-99,,,,,,,,,,,,,,INDIA.STATERAJASTHANDISTRICT-WISE(,1368,2470,..,..,..,..,..,..,..,..,..,..,..,,,,,,,,,,,,,
,1999-00,,,,,,,,,,,,,,INDIA.STATERAJASTHANDISTRICT-WISE(,1143,..,..,..,..,..,..,..,..,..,..,..,..,,,,,,,,,,,,,
,2000-01,,,,,,,,,,,,,,INDIA.STATERAJASTHANDISTRICT-WISE(,..,1947,..,..,..,..,..,..,..,..,..,..,..,,,,,,,,,,,,,
DHOLPUR,1998-99,,,,,,,,,,,,,,INDIA.STATERAJASTHANDISTRICT-WISE(,1286,2384,..,921,..,..,..,1140,..,..,3677,..,..,,,,,,,,,,,,,
,1999-00,,,,,,,,,,,,,,INDIA.STATERAJASTHANDISTRICT-WISE(,1188,2340,1028,1627,..,..,..,..,..,..,3645,..,..,,,,,,,,,,,,,
,2000-01,,,,,,,,,,,,,,INDIA.STATERAJASTHANDISTRICT-WISE(,1182,2045,..,1089,..,..,..,1475,..,..,3869,..,..,,,,,,,,,,,,,
DUNGARPUR,1998-99,,,,,,,,,,,,,,INDIA.STATERAJASTHANDISTRICT-WISE(,1200,1801,..,..,..,..,..,1600,..,..,4733,..,..,,,,,,,,,,,,,
,1999-00,,,,,,,,,,,,,,INDIA.STATERAJASTHANDISTRICT-WISE(,1556,2022,..,..,..,..,..,..,..,..,3553,..,..,,,,,,,,,,,,,
,2000-01,,,,,,,,,,,,,,INDIA.STATERAJASTHANDISTRICT-WISE(,1111,1688,1290,..,..,..,..,1595,..,1836,3287,..,..,,,,,,,,,,,,,
GANGANAGAR,1998-99,,,,,,,,,,,,,,INDIA.STATERAJASTHANDISTRICT-WISE(,1251,2451,..,..,..,1998,..,..,..,..,..,..,..,,,,,,,,,,,,,
,1999-00,,,,,,,,,,,,,,INDIA.STATERAJASTHANDISTRICT-WISE(,1107,2403,..,..,..,..,..,..,..,..,..,..,..,,,,,,,,,,,,,
,2000-01,,,,,,,,,,,,,,INDIA.STATERAJASTHANDISTRICT-WISE(,1108,..,..,..,..,1322,..,..,..,..,..,..,..,,,,,,,,,,,,,
JAIPUR,1998-99,,,,,,,,,,,,,,INDIA.STATERAJASTHANDISTRICT-WISE(,1270,1958,..,..,..,..,..,..,..,..,4575,..,..,,,,,,,,,,,,,
,1999-00,,,,,,,,,,,,,,INDIA.STATERAJASTHANDISTRICT-WISE(,1077,2268,..,..,..,..,..,..,..,..,4575,..,..,,,,,,,,,,,,,
,2000-00,,,,,,,,,,,,,,INDIA.STATERAJASTHANDISTRICT-WISE(,1082,1871,1376,..,..,..,..,..,..,..,..,..,..,,,,,,,,,,,,,
JAISALMER,1998-99,,,,,,,,,,,,,,INDIA.STATERAJASTHANDISTRICT-WISE(,..,..,..,..,..,..,..,..,..,..,..,..,..,,,,,,,,,,,,,
,1999-00,,,,,,,,,,,,,,INDIA.STATERAJASTHANDISTRICT-WISE(,..,..,..,..,..,..,..,..,..,..,..,..,..,,,,,,,,,,,,,
,2000-01,,,,,,,,,,,,,,INDIA.STATERAJASTHANDISTRICT-WISE(,..,..,..,..,..,..,..,..,..,..,..,..,..,,,,,,,,,,,,,
JALLORE,1998-99,,,,,,,,,,,,,,INDIA.STATERAJASTHANDISTRICT-WISE(,1200,2000,..,1160,..,2500,..,..,..,..,4800,..,..,,,,,,,,,,,,,
,,,,,,,,,,,,,,,INDIA.STATERAJASTHANDISTRICT-WISE(,..,..,..,..,..,4600L,..,..,..,..,..,..,..,,,,,,,,,,,,,
,1999-00,,,,,,,,,,,,,,INDIA.STATERAJASTHANDISTRICT-WISE(,1350,2400,..,1654,..,1900,..,..,..,..,5420,..,..,,,,,,,,,,,,,
,2000-01,,,,,,,,,,,,,,INDIA.STATERAJASTHANDISTRICT-WISE(,1096,1990,..,1049,..,1910L,..,..,..,..,5113,..,..,,,,,,,,,,,,,
JHALAWAR,1998-99,,,,,,,,,,,,,,INDIA.STATERAJASTHANDISTRICT-WISE(,1369,2550,1399,..,..,1175,..,1970,..,..,4311,..,..,,,,,,,,,,,,,
,,,,,,,,,,,,,,,INDIA.STATERAJASTHANDISTRICT-WISE(,..,..,..,..,..,3500L,..,..,..,..,..,..,..,,,,,,,,,,,,,
,1999-00,,,,,,,,,,,,,,INDIA.STATERAJASTHANDISTRICT-WISE(,1128,2707,1246,..,..,3800L,..,2510,..,..,..,..,..,,,,,,,,,,,,,
,2000-01,,,,,,,,,,,,,,INDIA.STATERAJASTHANDISTRICT-WISE(,1130,2167,1305,..,..,3000,..,..,..,..,3647,..,..,,,,,,,,,,,,,
JHUNJHUNU,1998-99,,,,,,,,,,,,,,INDIA.STATERAJASTHANDISTRICT-WISE(,1244,..,..,..,..,..,..,..,..,..,..,..,..,,,,,,,,,,,,,
,1999-00,,,,,,,,,,,,,,INDIA.STATERAJASTHANDISTRICT-WISE(,1063,..,..,..,..,..,..,..,..,..,..,..,..,,,,,,,,,,,,,
,2000-01,,,,,,,,,,,,,,INDIA.STATERAJASTHANDISTRICT-WISE(,1075,..,..,..,..,..,..,..,..,..,..,..,..,,,,,,,,,,,,,
JODHPUR,1998-99,,,,,,,,,,,,,,INDIA.STATERAJASTHANDISTRICT-WISE(,1116,2147,..,..,..,1917,..,..,..,..,4437,..,..,,,,,,,,,,,,,
,1999-00,,,,,,,,,,,,,,INDIA.STATERAJASTHANDISTRICT-WISE(,1048,2241,..,1232,..,2049,..,..,..,..,4600,..,..,,,,,,,,,,,,,
,2000-01,,,,,,,,,,,,,,INDIA.STATERAJASTHANDISTRICT-WISE(,1153,1925,..,936,..,2145,..,..,..,..,4117,..,..,,,,,,,,,,,,,
KOTA,1998-99,,,,,,,,,,,,,,INDIA.STATERAJASTHANDISTRICT-WISE(,1319,2283,1451,..,..,..,..,..,..,..,5004,..,..,,,,,,,,,,,,,
,1999-00,,,,,,,,,,,,,,INDIA.STATERAJASTHANDISTRICT-WISE(,1012,2391,1218,..,..,..,..,..,..,..,3842,..,..,,,,,,,,,,,,,
,2000-01,,,,,,,,,,,,,,INDIA.STATERAJASTHANDISTRICT-WISE(,1128,1873,1249,..,..,..,..,..,..,..,2221,..,..,,,,,,,,,,,,,
BARAN,1998-99,,,,,,,,,,,,,,INDIA.STATERAJASTHANDISTRICT-WISE(,1230,2121,1386,..,..,..,..,..,..,..,4374,..,..,,,,,,,,,,,,,
,1999-00,,,,,,,,,,,,,,INDIA.STATERAJASTHANDISTRICT-WISE(,1057,2414,1239,..,..,..,..,..,..,..,4034,..,..,,,,,,,,,,,,,
,2000-01,,,,,,,,,,,,,,INDIA.STATERAJASTHANDISTRICT-WISE(,1165,1957,1332,..,..,..,..,..,..,..,3918,..,..,,,,,,,,,,,,,
NAGAUR,1998-99,,,,,,,,,,,,,,INDIA.STATERAJASTHANDISTRICT-WISE(,1210,2593,..,..,..,..,..,..,..,..,6200,..,..,,,,,,,,,,,,,
,1999-00,,,,,,,,,,,,,,INDIA.STATERAJASTHANDISTRICT-WISE(,1180,2496,..,..,..,..,..,..,..,..,5499,..,..,,,,,,,,,,,,,
,2000-01,,,,,,,,,,,,,,INDIA.STATERAJASTHANDISTRICT-WISE(,1189,1870,..,..,..,..,..,..,..,..,4997,..,..,,,,,,,,,,,,,
PALI,1998-99,,,,,,,,,,,,,,INDIA.STATERAJASTHANDISTRICT-WISE(,1218,2461,..,1287,..,1982,..,..,..,..,4572,..,..,,,,,,,,,,,,,
,1999-00,,,,,,,,,,,,,,INDIA.STATERAJASTHANDISTRICT-WISE(,1041,2234,..,1486,..,1939,..,..,..,..,4310,..,..,,,,,,,,,,,,,
,2000-01,,,,,,,,,,,,,,INDIA.STATERAJASTHANDISTRICT-WISE(,1107,1882,..,1174,..,2041,..,..,..,..,4030,..,..,,,,,,,,,,,,,
SWAIMADHOPUR,1998-99,,,,,,,,,,,,,,INDIA.STATERAJASTHANDISTRICT-WISE(,1253,2255,1194,..,..,..,..,..,..,..,4159,..,..,,,,,,,,,,,,,
,1999-00,,,,,,,,,,,,,,INDIA.STATERAJASTHANDISTRICT-WISE(,1100,2184,1166,..,..,..,..,522,..,..,3956,..,..,,,,,,,,,,,,,
,2000-01,,,,,,,,,,,,,,INDIA.STATERAJASTHANDISTRICT-WISE(,1147,1845,1560,..,..,..,..,900,..,..,3278,..,..,,,,,,,,,,,,,
SIKAR,1998-99,,,,,,,,,,,,,,INDIA.STATERAJASTHANDISTRICT-WISE(,1621,2016,..,..,..,1425,..,..,..,..,5000,..,..,,,,,,,,,,,,,
,1999-00,,,,,,,,,,,,,,INDIA.STATERAJASTHANDISTRICT-WISE(,1230,1867,..,..,..,1730,..,..,..,..,4500,..,..,,,,,,,,,,,,,
,2000-01,,,,,,,,,,,,,,INDIA.STATERAJASTHANDISTRICT-WISE(,1110,2097,..,..,..,1850,..,..,..,..,4500,..,..,,,,,,,,,,,,,
RAJSAMAND,1998-99,,,,,,,,,,,,,,INDIA.STATERAJASTHANDISTRICT-WISE(,1175,2117,1050,..,..,1899,..,..,..,..,5701,..,..,,,,,,,,,,,,,
,,,,,,,,,,,,,,,INDIA.STATERAJASTHANDISTRICT-WISE(,..,..,..,..,..,4326L,..,..,..,..,..,..,..,,,,,,,,,,,,,
,1999-00,,,,,,,,,,,,,,INDIA.STATERAJASTHANDISTRICT-WISE(,1265,..,1075,..,..,..,..,..,..,..,..,..,..,,,,,,,,,,,,,
,2000-01,,,,,,,,,,,,,,INDIA.STATERAJASTHANDISTRICT-WISE(,1294,2772,1024,..,..,2566,..,..,..,..,..,..,..,,,,,,,,,,,,,
,,,,,,,,,,,,,,,INDIA.STATERAJASTHANDISTRICT-WISE(,..,..,..,..,..,4593L,..,..,..,..,5345,..,..,,,,,,,,,,,,,
SIROHI,1998-99,,,,,,,,,,,,,,INDIA.STATERAJASTHANDISTRICT-WISE(,1169,2615,..,1108,..,1797,..,..,..,..,4769,..,..,,,,,,,,,,,,,
,1999-00,,,,,,,,,,,,,,INDIA.STATERAJASTHANDISTRICT-WISE(,1074,2289,..,1575,..,1668,..,..,..,..,4576,..,..,,,,,,,,,,,,,
,2000-01,,,,,,,,,,,,,,INDIA.STATERAJASTHANDISTRICT-WISE(,1124,2118,..,1190,..,1585,..,534,..,..,5043,..,..,,,,,,,,,,,,,
TONK,1998-99,,,,,,,,,,,,,,INDIA.STATERAJASTHANDISTRICT-WISE(,1272,2172,1296,..,..,..,..,..,..,..,5003,..,..,,,,,,,,,,,,,
,1999-00,,,,,,,,,,,,,,INDIA.STATERAJASTHANDISTRICT-WISE(,1075,2216,1203,..,..,1459,..,..,..,..,3365,..,..,,,,,,,,,,,,,
,2000-01,,,,,,,,,,,,,,INDIA.STATERAJASTHANDISTRICT-WISE(,1155,1976,1238,..,..,1487,..,..,..,..,..,..,..,,,,,,,,,,,,,
UDAIPUR,1998-99,,,,,,,,,,,,,,INDIA.STATERAJASTHANDISTRICT-WISE(,1304,2100,1222,..,..,1700,..,862,..,1357,5490,..,..,,,,,,,,,,,,,
,1999-00,,,,,,,,,,,,,,INDIA.STATERAJASTHANDISTRICT-WISE(,1067,2099,1136,..,..,1488,..,1135,..,1597,4791,..,..,,,,,,,,,,,,,
,2000-01,,,,,,,,,,,,,,INDIA.STATERAJASTHANDISTRICT-WISE(,1233,1983,..,..,..,..,..,1107,..,1868,4758,..,..,,,,,,,,,,,,,
HANUMANGARH,1998-99,,,,,,,,,,,,,,INDIA.STATERAJASTHANDISTRICT-WISE(,1332,2223,..,..,..,1814,..,..,..,..,..,..,..,,,,,,,,,,,,,
,1999-00,,,,,,,,,,,,,,INDIA.STATERAJASTHANDISTRICT-WISE(,1140,2074,..,..,..,1710,..,..,..,..,..,..,..,,,,,,,,,,,,,
,2000-01,,,,,,,,,,,,,,INDIA.STATERAJASTHANDISTRICT-WISE(,1150,1846,..,..,..,..,..,..,..,..,..,..,..,,,,,,,,,,,,,
KARAULI,1998-99,,,,,,,,,,,,,,INDIA.STATERAJASTHANDISTRICT-WISE(,1241,2620,..,..,..,..,..,..,..,..,6220,..,..,,,,,,,,,,,,,
,1999-00,,,,,,,,,,,,,,INDIA.STATERAJASTHANDISTRICT-WISE(,1277,2650,1100,..,..,..,..,..,..,..,5160,..,..,,,,,,,,,,,,,
,2000-01,,,,,,,,,,,,,,INDIA.STATERAJASTHANDISTRICT-WISE(,1174,2100,1007,..,..,..,..,..,..,..,3160,..,..,,,,,,,,,,,,,
RAJASTHAN,1998-99,,,,,,,,,,,,,,INDIA.STATERAJASTHANDISTRICT-WISE(,1250,2332,1360,1136,..,1935,..,1136,..,1357,4583,..,..,,,,,,,,,,,,,
(S.W.Average),,,,,,,,,,,,,,,INDIA.STATERAJASTHANDISTRICT-WISE(,..,..,..,..,..,4332L,..,..,..,..,..,..,..,,,,,,,,,,,,,
,1999-00,,,,,,,,,,,,,,INDIA.STATERAJASTHANDISTRICT-WISE(,1224,2283,1236,1604,..,1758,..,1110,..,1601,4151,..,..,,,,,,,,,,,,,
,,,,,,,,,,,,,,,INDIA.STATERAJASTHANDISTRICT-WISE(,..,..,..,..,..,4622L,..,..,..,..,..,..,..,,,,,,,,,,,,,
,2000-01,,,,,,,,,,,,,,INDIA.STATERAJASTHANDISTRICT-WISE(,1424,1728,1291,1091,..,1561,..,1265,..,1868,3841,..,..,,,,,,,,,,,,,
,,,,,,,,,,,,,,,INDIA.STATERAJASTHANDISTRICT-WISE(,..,..,..,..,..,5144L,..,..,..,..,..,..,..,,,,,,,,,,,,,
SIKKIM,1998-99,..,..,531,561,..,1066,..,..,..,..,496,..,..,INDIA.STATESIKKIMDISTRICT-WISE(Con,,,,,,,,,,,,,,,,,,,,,,,,,,
,1999-00,..,..,..,..,..,..,..,..,..,..,..,..,..,INDIA.STATESIKKIMDISTRICT-WISE(Con,,,,,,,,,,,,,,,,,,,,,,,,,,
,2000-01,..,..,..,..,..,..,..,..,..,..,..,..,..,INDIA.STATESIKKIMDISTRICT-WISE(Con,,,,,,,,,,,,,,,,,,,,,,,,,,
SIKKIM,1998-99,..,..,531,561,..,1066,..,..,..,..,496,..,..,INDIA.STATESIKKIMDISTRICT-WISE(Con,,,,,,,,,,,,,,,,,,,,,,,,,,
(S.W.Average),1999-00,..,..,..,..,..,..,..,..,..,..,..,..,..,INDIA.STATESIKKIMDISTRICT-WISE(Con,,,,,,,,,,,,,,,,,,,,,,,,,,
,2000-01,..,..,..,..,..,..,..,..,..,..,..,..,..,INDIA.STATESIKKIMDISTRICT-WISE(Con,,,,,,,,,,,,,,,,,,,,,,,,,,
SIKKIM,1998-99,,,,,,,,,,,,,,INDIA.STATESIKKIMDISTRICT-WISE(Con,..,..,..,..,..,..,..,..,..,618,..,..,..,,,,,,,,,,,,,
,1998-99,,,,,,,,,,,,,,INDIA.STATESIKKIMDISTRICT-WISE(Con,..,..,..,..,..,..,..,..,..,..,..,..,..,,,,,,,,,,,,,
,1998-99,,,,,,,,,,,,,,INDIA.STATESIKKIMDISTRICT-WISE(Con,..,..,..,..,..,..,..,..,..,..,..,..,..,,,,,,,,,,,,,
SIKKIM,1998-99,,,,,,,,,,,,,,INDIA.STATESIKKIMDISTRICT-WISE(Con,..,..,..,..,..,..,..,..,..,618,..,..,..,,,,,,,,,,,,,
(S.W.Average),1999-00,,,,,,,,,,,,,,INDIA.STATESIKKIMDISTRICT-WISE(Con,..,..,..,..,..,..,..,..,..,..,..,..,..,,,,,,,,,,,,,
,2000-01,,,,,,,,,,,,,,INDIA.STATESIKKIMDISTRICT-WISE(Con,..,..,..,..,..,..,..,..,..,..,..,..,..,,,,,,,,,,,,,
THIRUVANNEMALAI,1998-99,452,487,408,..,425,..,..,..,..,893,..,..,1398,INDIA.STATETAMILNADUDISTRICT-WISE,,,,,,,,,,,,,,,,,,,,,,,,,,
(SAMBUVARAYAR),1999-00,494,539,491,..,517,..,..,..,..,822,..,..,803,INDIA.STATETAMILNADUDISTRICT-WISE,,,,,,,,,,,,,,,,,,,,,,,,,,
,2000-01,499,465,423,..,506,..,..,..,1395,921,..,..,1087,INDIA.STATETAMILNADUDISTRICT-WISE,,,,,,,,,,,,,,,,,,,,,,,,,,
SALEM,1998-99,474,510,402,470,449,..,..,1797,1815,881,..,..,1384,INDIA.STATETAMILNADUDISTRICT-WISE,,,,,,,,,,,,,,,,,,,,,,,,,,
,1999-00,508,579,478,465,496,..,..,1400,1428,799,..,..,942,INDIA.STATETAMILNADUDISTRICT-WISE,,,,,,,,,,,,,,,,,,,,,,,,,,
,2000-01,508,445,411,385,475,..,..,1674,1337,832,..,..,1183,INDIA.STATETAMILNADUDISTRICT-WISE,,,,,,,,,,,,,,,,,,,,,,,,,,
DHARMAPURI,1998-99,507,429,401,..,427,..,..,1909,..,909,1048,..,1294,INDIA.STATETAMILNADUDISTRICT-WISE,,,,,,,,,,,,,,,,,,,,,,,,,,
,1999-00,..,468,484,..,450,..,..,2338,..,787,430,..,1107,INDIA.STATETAMILNADUDISTRICT-WISE,,,,,,,,,,,,,,,,,,,,,,,,,,
,2000-01,..,419,384,..,455,..,..,1757,..,813,384,..,1204,INDIA.STATETAMILNADUDISTRICT-WISE,,,,,,,,,,,,,,,,,,,,,,,,,,
COIMBATORE,1998-99,..,502,421,451,428,..,..,1847,..,895,..,..,1317,INDIA.STATETAMILNADUDISTRICT-WISE,,,,,,,,,,,,,,,,,,,,,,,,,,
,1999-00,..,536,503,464,590,..,..,1503,1926,826,..,..,1165,INDIA.STATETAMILNADUDISTRICT-WISE,,,,,,,,,,,,,,,,,,,,,,,,,,
,2000-01,..,477,439,419,543,..,..,1738,1456,853,..,..,1161,INDIA.STATETAMILNADUDISTRICT-WISE,,,,,,,,,,,,,,,,,,,,,,,,,,
THIRUCHIRAPALLI,1998-99,507,509,403,465,470,..,..,1762,..,930,..,..,..,INDIA.STATETAMILNADUDISTRICT-WISE,,,,,,,,,,,,,,,,,,,,,,,,,,
,1999-00,519,540,498,516,552,..,..,1644,..,864,..,..,..,INDIA.STATETAMILNADUDISTRICT-WISE,,,,,,,,,,,,,,,,,,,,,,,,,,
,2000-01,514,488,460,..,470,..,585,2193,..,775,..,..,1175,INDIA.STATETAMILNADUDISTRICT-WISE,,,,,,,,,,,,,,,,,,,,,,,,,,
PUDDUKOTAI,1998-99,493,..,423,446,420,..,..,1721,..,..,..,..,..,INDIA.STATETAMILNADUDISTRICT-WISE,,,,,,,,,,,,,,,,,,,,,,,,,,
,1999-00,495,..,491,451,469,..,..,..,..,..,..,..,..,INDIA.STATETAMILNADUDISTRICT-WISE,,,,,,,,,,,,,,,,,,,,,,,,,,
,2000-01,515,..,477,386,507,..,..,..,..,930,..,..,..,INDIA.STATETAMILNADUDISTRICT-WISE,,,,,,,,,,,,,,,,,,,,,,,,,,
THANJAVUR,1998-99,486,..,..,462,407,..,..,..,..,891,..,..,..,INDIA.STATETAMILNADUDISTRICT-WISE,,,,,,,,,,,,,,,,,,,,,,,,,,
,1999-00,494,..,538,535,617,..,..,..,1691,933,..,..,..,INDIA.STATETAMILNADUDISTRICT-WISE,,,,,,,,,,,,,,,,,,,,,,,,,,
,2000-01,520,..,472,392,510,..,..,..,..,1001,..,..,..,INDIA.STATETAMILNADUDISTRICT-WISE,,,,,,,,,,,,,,,,,,,,,,,,,,
MADURAI,1998-99,505,507,444,486,407,..,..,1785,2078,887,..,..,1327,INDIA.STATETAMILNADUDISTRICT-WISE,,,,,,,,,,,,,,,,,,,,,,,,,,
,1999-00,512,552,580,496,571,..,..,1437,..,814,..,..,1175,INDIA.STATETAMILNADUDISTRICT-WISE,,,,,,,,,,,,,,,,,,,,,,,,,,
,2000-01,525,470,540,418,529,..,..,1855,..,877,..,..,1175,INDIA.STATETAMILNADUDISTRICT-WISE,,,,,,,,,,,,,,,,,,,,,,,,,,
DINDUGULANNA,1998-99,509,448,444,449,435,..,..,1807,..,887,1011,..,1292,INDIA.STATETAMILNADUDISTRICT-WISE,,,,,,,,,,,,,,,,,,,,,,,,,,
,1999-00,..,505,407,449,503,..,..,1598,1169,788,395,..,1150,INDIA.STATETAMILNADUDISTRICT-WISE,,,,,,,,,,,,,,,,,,,,,,,,,,
,2000-01,..,481,376,344,502,..,..,1797,1267,829,407,..,1023,INDIA.STATETAMILNADUDISTRICT-WISE,,,,,,,,,,,,,,,,,,,,,,,,,,
RAMANATHPURAM,1998-99,470,..,..,..,..,..,..,..,..,..,..,..,..,INDIA.STATETAMILNADUDISTRICT-WISE(,,,,,,,,,,,,,,,,,,,,,,,,,,
,1999-00,524,..,..,..,..,..,..,..,..,..,..,..,..,INDIA.STATETAMILNADUDISTRICT-WISE(,,,,,,,,,,,,,,,,,,,,,,,,,,
,2000-01,517,..,..,..,..,..,..,..,..,..,..,..,1023,INDIA.STATETAMILNADUDISTRICT-WISE(,,,,,,,,,,,,,,,,,,,,,,,,,,
NELLAI-,1998-99,500,504,463,..,464,..,..,1693,..,891,..,..,1214,INDIA.STATETAMILNADUDISTRICT-WISE(,,,,,,,,,,,,,,,,,,,,,,,,,,
KATTABOMMAN,1999-00,499,524,438,498,484,..,..,..,..,802,..,..,1122,INDIA.STATETAMILNADUDISTRICT-WISE(,,,,,,,,,,,,,,,,,,,,,,,,,,
(TIRUNELVELI),2000-01,512,415,385,400,441,..,..,1721,..,923,..,..,1205,INDIA.STATETAMILNADUDISTRICT-WISE(,,,,,,,,,,,,,,,,,,,,,,,,,,
THE NILGIRIS,1998-99,..,..,..,..,444,..,..,..,..,924,..,..,..,INDIA.STATETAMILNADUDISTRICT-WISE(,,,,,,,,,,,,,,,,,,,,,,,,,,
,1999-00,..,..,..,..,510,..,..,..,..,1123,..,..,..,INDIA.STATETAMILNADUDISTRICT-WISE(,,,,,,,,,,,,,,,,,,,,,,,,,,
,2000-01,..,..,..,..,..,..,..,..,..,..,..,..,..,INDIA.STATETAMILNADUDISTRICT-WISE(,,,,,,,,,,,,,,,,,,,,,,,,,,
KANYAKUMARI,1998-99,503,..,..,..,..,..,..,..,..,..,..,..,..,INDIA.STATETAMILNADUDISTRICT-WISE(,,,,,,,,,,,,,,,,,,,,,,,,,,
,1999-00,503,..,..,..,..,..,..,..,..,..,..,..,..,INDIA.STATETAMILNADUDISTRICT-WISE(,,,,,,,,,,,,,,,,,,,,,,,,,,
,2000-01,482,..,..,..,651,..,..,..,..,..,..,..,..,INDIA.STATETAMILNADUDISTRICT-WISE(,,,,,,,,,,,,,,,,,,,,,,,,,,
NAGAPATTINAM,1998-99,472,..,..,..,..,..,..,..,..,884,..,..,..,INDIA.STATETAMILNADUDISTRICT-WISE(,,,,,,,,,,,,,,,,,,,,,,,,,,
,1999-00,493,..,..,..,..,..,..,..,..,1074,..,..,..,INDIA.STATETAMILNADUDISTRICT-WISE(,,,,,,,,,,,,,,,,,,,,,,,,,,
,2000-01,524,..,..,..,..,..,..,..,..,1013,..,..,..,INDIA.STATETAMILNADUDISTRICT-WISE(,,,,,,,,,,,,,,,,,,,,,,,,,,
KANCHEEPURAM,1998-99,451,..,..,..,470,..,..,..,..,939,..,..,..,INDIA.STATETAMILNADUDISTRICT-WISE(,,,,,,,,,,,,,,,,,,,,,,,,,,
,1999-00,491,..,581,..,540,..,..,..,..,856,..,..,..,INDIA.STATETAMILNADUDISTRICT-WISE(,,,,,,,,,,,,,,,,,,,,,,,,,,
,2000-01,498,..,470,..,554,..,..,..,..,930,..,..,..,INDIA.STATETAMILNADUDISTRICT-WISE(,,,,,,,,,,,,,,,,,,,,,,,,,,
CUDDALORE,1998-99,488,459,402,..,472,..,..,..,..,928,..,..,..,INDIA.STATETAMILNADUDISTRICT-WISE(,,,,,,,,,,,,,,,,,,,,,,,,,,
,1999-00,487,405,427,..,417,..,..,1686,..,903,..,..,..,INDIA.STATETAMILNADUDISTRICT-WISE(,,,,,,,,,,,,,,,,,,,,,,,,,,
,2000-01,484,404,360,..,396,..,..,1846,..,951,..,..,..,INDIA.STATETAMILNADUDISTRICT-WISE(,,,,,,,,,,,,,,,,,,,,,,,,,,
VALLORE,1998-99,458,470,411,..,470,..,..,..,..,961,..,..,..,INDIA.STATETAMILNADUDISTRICT-WISE(,,,,,,,,,,,,,,,,,,,,,,,,,,
,1999-00,492,515,466,..,501,..,..,..,1202,710,..,..,..,INDIA.STATETAMILNADUDISTRICT-WISE(,,,,,,,,,,,,,,,,,,,,,,,,,,
,2000-01,496,416,370,..,489,..,..,1800,..,792,..,..,..,INDIA.STATETAMILNADUDISTRICT-WISE(,,,,,,,,,,,,,,,,,,,,,,,,,,
ERODE,1998-99,505,501,406,442,448,..,..,1776,..,907,1163,2495,1356,INDIA.STATETAMILNADUDISTRICT-WISE(,,,,,,,,,,,,,,,,,,,,,,,,,,
,1999-00,509,619,516,454,625,..,..,1628,..,913,442,2038,1174,INDIA.STATETAMILNADUDISTRICT-WISE(,,,,,,,,,,,,,,,,,,,,,,,,,,
,2000-01,515,543,462,366,623,..,..,1767,..,953,405,2139,1091,INDIA.STATETAMILNADUDISTRICT-WISE(,,,,,,,,,,,,,,,,,,,,,,,,,,
SIVAGANGAI,1998-99,467,..,..,..,..,..,..,..,..,..,..,..,1268,INDIA.STATETAMILNADUDISTRICT-WISE(,,,,,,,,,,,,,,,,,,,,,,,,,,
,1999-00,504,..,..,..,..,..,..,..,..,..,..,..,1100,INDIA.STATETAMILNADUDISTRICT-WISE(,,,,,,,,,,,,,,,,,,,,,,,,,,
,2000-01,..,..,..,..,..,..,..,..,..,..,..,..,1089,INDIA.STATETAMILNADUDISTRICT-WISE(,,,,,,,,,,,,,,,,,,,,,,,,,,
VIRUDHUNAGAR,1998-99,505,462,452,446,417,..,..,1787,2232,881,..,..,1263,INDIA.STATETAMILNADUDISTRICT-WISE(,,,,,,,,,,,,,,,,,,,,,,,,,,
,1999-00,505,482,442,424,468,..,..,1428,1442,815,..,..,1157,INDIA.STATETAMILNADUDISTRICT-WISE(,,,,,,,,,,,,,,,,,,,,,,,,,,
,2000-01,514,442,411,416,431,..,..,1744,1395,855,..,..,1033,INDIA.STATETAMILNADUDISTRICT-WISE(,,,,,,,,,,,,,,,,,,,,,,,,,,
THOOTHUKKUDI,1998-99,468,457,451,472,436,..,..,1823,..,906,..,..,..,INDIA.STATETAMILNADUDISTRICT-WISE(,,,,,,,,,,,,,,,,,,,,,,,,,,
,1999-00,489,467,526,467,495,..,..,1676,..,884,..,..,..,INDIA.STATETAMILNADUDISTRICT-WISE(,,,,,,,,,,,,,,,,,,,,,,,,,,
,2000-01,509,412,442,357,457,..,..,1674,..,907,..,..,..,INDIA.STATETAMILNADUDISTRICT-WISE(,,,,,,,,,,,,,,,,,,,,,,,,,,
TIRUVALLUR,1998-99,478,..,466,..,466,..,..,..,..,903,..,..,1314,INDIA.STATETAMILNADUDISTRICT-WISE(,,,,,,,,,,,,,,,,,,,,,,,,,,
,1999-00,500,..,..,..,..,..,..,..,..,1056,..,..,1683,INDIA.STATETAMILNADUDISTRICT-WISE(,,,,,,,,,,,,,,,,,,,,,,,,,,
,2000-01,505,..,..,..,..,..,..,..,..,..,..,..,..,INDIA.STATETAMILNADUDISTRICT-WISE(,,,,,,,,,,,,,,,,,,,,,,,,,,
VILLUPURAM,1998-99,478,448,429,..,457,..,..,1913,..,849,..,..,..,INDIA.STATETAMILNADUDISTRICT-WISE(,,,,,,,,,,,,,,,,,,,,,,,,,,
,1999-00,506,499,460,..,464,..,..,..,..,707,..,..,..,INDIA.STATETAMILNADUDISTRICT-WISE(,,,,,,,,,,,,,,,,,,,,,,,,,,
,2000-01,500,408,389,..,404,..,..,..,..,785,..,..,..,INDIA.STATETAMILNADUDISTRICT-WISE(,,,,,,,,,,,,,,,,,,,,,,,,,,
NAMAKKAL,1998-99,502,..,459,..,461,..,..,..,..,943,..,..,1238,INDIA.STATETAMILNADUDISTRICT-WISE(,,,,,,,,,,,,,,,,,,,,,,,,,,
,1999-00,516,593,514,..,530,..,..,..,..,967,..,..,1132,INDIA.STATETAMILNADUDISTRICT-WISE(,,,,,,,,,,,,,,,,,,,,,,,,,,
,2000-01,526,474,439,..,465,..,..,..,..,949,..,..,1062,INDIA.STATETAMILNADUDISTRICT-WISE(,,,,,,,,,,,,,,,,,,,,,,,,,,
KARUR,1998-99,..,465,437,..,..,..,..,..,..,..,..,..,..,INDIA.STATETAMILNADUDISTRICT-WISE(,,,,,,,,,,,,,,,,,,,,,,,,,,
,1999-00,..,521,521,..,..,..,..,..,..,961,..,..,..,INDIA.STATETAMILNADUDISTRICT-WISE(,,,,,,,,,,,,,,,,,,,,,,,,,,
,2000-01,..,465,420,..,488,..,..,..,..,806,..,..,..,INDIA.STATETAMILNADUDISTRICT-WISE(,,,,,,,,,,,,,,,,,,,,,,,,,,
PERAMBALUR,1998-99,..,..,..,..,..,..,..,..,..,..,..,..,..,INDIA.STATETAMILNADUDISTRICT-WISE(,,,,,,,,,,,,,,,,,,,,,,,,,,
,1999-00,..,..,..,..,..,..,..,..,..,..,..,..,..,INDIA.STATETAMILNADUDISTRICT-WISE(,,,,,,,,,,,,,,,,,,,,,,,,,,
,2000-01,..,..,..,..,..,..,..,..,..,..,..,..,..,INDIA.STATETAMILNADUDISTRICT-WISE(,,,,,,,,,,,,,,,,,,,,,,,,,,
TIRUNARUR,1998-99,487,..,..,..,..,..,..,..,..,884,..,..,..,INDIA.STATETAMILNADUDISTRICT-WISE(,,,,,,,,,,,,,,,,,,,,,,,,,,
,1999-00,501,..,..,446,..,..,..,..,..,881,..,..,..,INDIA.STATETAMILNADUDISTRICT-WISE(,,,,,,,,,,,,,,,,,,,,,,,,,,
,2000-01,521,..,..,..,..,..,..,..,..,930,..,..,..,INDIA.STATETAMILNADUDISTRICT-WISE(,,,,,,,,,,,,,,,,,,,,,,,,,,
THENI,1998-99,497,454,464,488,451,..,..,..,..,929,..,..,..,INDIA.STATETAMILNADUDISTRICT-WISE(,,,,,,,,,,,,,,,,,,,,,,,,,,
,1999-00,530,439,452,421,470,..,..,..,1108,858,..,..,..,INDIA.STATETAMILNADUDISTRICT-WISE(,,,,,,,,,,,,,,,,,,,,,,,,,,
,2000-01,521,464,418,364,550,..,..,..,1175,860,..,..,..,INDIA.STATETAMILNADUDISTRICT-WISE(,,,,,,,,,,,,,,,,,,,,,,,,,,
TAMILNADU,1998-99,482,472,431,454,442,..,..,1834,1998,902,1047,2495,1277,INDIA.STATETAMILNADUDISTRICT-WISE(,,,,,,,,,,,,,,,,,,,,,,,,,,
(STATE weighted,1999-00,500,524,475,450,477,..,..,1513,1305,850,404,2038,1124,INDIA.STATETAMILNADUDISTRICT-WISE(,,,,,,,,,,,,,,,,,,,,,,,,,,
average),2000-01,510,463,403,374,471,..,..,1741,1275,888,402,2139,1115,INDIA.STATETAMILNADUDISTRICT-WISE(,,,,,,,,,,,,,,,,,,,,,,,,,,
GOLAGHAT,1998-99,..,..,..,..,..,..,..,..,..,..,..,..,..,INDIA.STATEASSAMDISTRICT-WISE(Cont,,,,,,,,,,,,,,,,,,,,,,,,,,
,1999-00,..,..,..,..,..,..,..,..,..,..,..,..,..,INDIA.STATEASSAMDISTRICT-WISE(Cont,,,,,,,,,,,,,,,,,,,,,,,,,,
,2000-01,544,..,..,..,..,..,..,..,..,1400,..,..,..,INDIA.STATEASSAMDISTRICT-WISE(Cont,,,,,,,,,,,,,,,,,,,,,,,,,,
DHUBRI,1998-99,669,..,..,..,..,..,..,..,..,..,550,..,..,INDIA.STATEASSAMDISTRICT-WISE(Cont,,,,,,,,,,,,,,,,,,,,,,,,,,
,1999-00,650,..,..,..,..,..,..,..,..,..,350,..,..,INDIA.STATEASSAMDISTRICT-WISE(Cont,,,,,,,,,,,,,,,,,,,,,,,,,,
,2000-01,603,..,..,..,..,..,..,..,..,..,489,..,..,INDIA.STATEASSAMDISTRICT-WISE(Cont,,,,,,,,,,,,,,,,,,,,,,,,,,
,,469,..,..,..,..,..,..,..,..,..,..,..,..,INDIA.STATEASSAMDISTRICT-WISE(Cont,,,,,,,,,,,,,,,,,,,,,,,,,,
DHEMAJI,1998-99,..,..,..,..,..,..,..,..,..,..,..,..,..,INDIA.STATEASSAMDISTRICT-WISE(Cont,,,,,,,,,,,,,,,,,,,,,,,,,,
,1999-00,549,..,..,..,..,..,..,..,..,..,500,..,..,INDIA.STATEASSAMDISTRICT-WISE(Cont,,,,,,,,,,,,,,,,,,,,,,,,,,
,1998-99,483,..,..,..,..,..,..,..,..,..,613,..,..,INDIA.STATEASSAMDISTRICT-WISE(Cont,,,,,,,,,,,,,,,,,,,,,,,,,,
,1998-99,350,..,..,..,..,..,..,..,..,..,..,..,..,INDIA.STATEASSAMDISTRICT-WISE(Cont,,,,,,,,,,,,,,,,,,,,,,,,,,
KARIMGANJ,1998-99,555,..,..,..,..,..,..,..,..,..,463,..,..,INDIA.STATEASSAMDISTRICT-WISE(Cont,,,,,,,,,,,,,,,,,,,,,,,,,,
,1999-00,..,..,..,..,..,..,..,..,..,..,..,..,..,INDIA.STATEASSAMDISTRICT-WISE(Cont,,,,,,,,,,,,,,,,,,,,,,,,,,
,2000-01,..,..,..,..,..,..,..,..,..,..,350,..,..,INDIA.STATEASSAMDISTRICT-WISE(Cont,,,,,,,,,,,,,,,,,,,,,,,,,,
ASSAM,1998-99,605,..,..,541,..,742,..,1954,1861,282,611,3993,..,INDIA.STATEASSAMDISTRICT-WISE(Cont,,,,,,,,,,,,,,,,,,,,,,,,,,
(State Weighted,,580,..,..,..,..,..,..,..,..,1469,..,..,..,INDIA.STATEASSAMDISTRICT-WISE(Cont,,,,,,,,,,,,,,,,,,,,,,,,,,
average),1999-00,565,..,..,588,..,763,..,2129,1515,278,350,4375,..,INDIA.STATEASSAMDISTRICT-WISE(Cont,,,,,,,,,,,,,,,,,,,,,,,,,,
,,567,..,..,..,..,..,..,..,..,1204,..,..,..,INDIA.STATEASSAMDISTRICT-WISE(Cont,,,,,,,,,,,,,,,,,,,,,,,,,,
,2000-01,513,..,..,592,..,843,..,2062,2069,253,428,4129,..,INDIA.STATEASSAMDISTRICT-WISE(Cont,,,,,,,,,,,,,,,,,,,,,,,,,,
,,449,..,..,..,..,..,..,..,..,1320,..,..,..,INDIA.STATEASSAMDISTRICT-WISE(Cont,,,,,,,,,,,,,,,,,,,,,,,,,,
THIRUVANNEMALAI,1998-99,,,,,,,,,,,,,,INDIA.STATETAMILNADUDISTRICT-WISE(,..,1885,..,..,..,..,,,..,..,3511,2841,..,,54,293,,,,,,,,,,
(SAMBUVARAYAR),1999-00,,,,,,,,,,,,,,INDIA.STATETAMILNADUDISTRICT-WISE(,..,1269,..,..,..,..,,,..,..,2558,2675,..,,..,..,,,,,,,,,,
,2000-01,,,,,,,,,,,,,,INDIA.STATETAMILNADUDISTRICT-WISE(,..,1196,..,..,..,..,,,..,..,2162,1530,..,,61,..,,,,,,,,,,
SALEM,1998-99,,,,,,,,,,,,,,INDIA.STATETAMILNADUDISTRICT-WISE(,..,1984,..,1449,..,..,,,..,..,3650,2846,..,,..,296,,,,,,,,,,
,1999-00,,,,,,,,,,,,,,INDIA.STATETAMILNADUDISTRICT-WISE(,..,1457,..,1429,..,..,,,..,..,3069,2011,..,,..,..,,,,,,,,,,
,2000-01,,,,,,,,,,,,,,INDIA.STATETAMILNADUDISTRICT-WISE(,..,1341,..,1095,..,..,,,..,..,2837,1539,..,,..,..,,,,,,,,,,
DHARMAPURI,1998-99,,,,,,,,,,,,,,INDIA.STATETAMILNADUDISTRICT-WISE(,..,..,..,..,..,..,,,..,..,3806,..,..,,..,308,,,,,,,,,,
,1999-00,,,,,,,,,,,,,,INDIA.STATETAMILNADUDISTRICT-WISE(,..,1738,..,..,..,..,,,..,..,3689,..,..,,..,..,,,,,,,,,,
,2000-01,,,,,,,,,,,,,,INDIA.STATETAMILNADUDISTRICT-WISE(,..,..,..,..,..,..,,,..,..,2936,..,..,,..,..,,,,,,,,,,
COIMBATORE,1998-99,,,,,,,,,,,,,,INDIA.STATETAMILNADUDISTRICT-WISE(,..,2037,..,1544,..,1799,,,..,..,3565,2995,..,,54,312,,,,,,,,,,
,1999-00,,,,,,,,,,,,,,INDIA.STATETAMILNADUDISTRICT-WISE(,..,1707,..,1409,..,1957,,,..,..,2558,2519,..,,42,..,,,,,,,,,,
,2000-01,,,,,,,,,,,,,,INDIA.STATETAMILNADUDISTRICT-WISE(,..,1560,..,1022,..,1890,,,..,..,2395,1508,..,,65,..,,,,,,,,,,
THIRUCHIRAPALLI,1998-99,,,,,,,,,,,,,,INDIA.STATETAMILNADUDISTRICT-WISE(,..,2032,..,..,..,..,,,..,..,3478,2739,..,,..,317,,,,,,,,,,
,1999-00,,,,,,,,,,,,,,INDIA.STATETAMILNADUDISTRICT-WISE(,..,..,..,..,..,..,,,..,..,2325,3255,..,,33,..,,,,,,,,,,
,2000-01,,,,,,,,,,,,,,INDIA.STATETAMILNADUDISTRICT-WISE(,..,1434,..,..,..,..,,,..,..,2418,1767,..,,44,..,,,,,,,,,,
PUDDUKOTAI,1998-99,,,,,,,,,,,,,,INDIA.STATETAMILNADUDISTRICT-WISE(,..,..,..,..,..,..,,,..,..,3455,2888,..,,..,334,,,,,,,,,,
,1999-00,,,,,,,,,,,,,,INDIA.STATETAMILNADUDISTRICT-WISE(,..,..,..,..,..,..,,,..,..,2240,2736,..,,..,..,,,,,,,,,,
,2000-01,,,,,,,,,,,,,,INDIA.STATETAMILNADUDISTRICT-WISE(,..,..,..,..,..,..,,,..,..,2083,1711,..,,..,..,,,,,,,,,,
THANJAVUR,1998-99,,,,,,,,,,,,,,INDIA.STATETAMILNADUDISTRICT-WISE(,..,..,..,..,..,..,,,..,..,3500,2757,..,,55,..,,,,,,,,,,
,1998-99,,,,,,,,,,,,,,INDIA.STATETAMILNADUDISTRICT-WISE(,..,1473,..,..,..,1566,,,..,..,2240,2736,..,,37,..,,,,,,,,,,
,1998-99,,,,,,,,,,,,,,INDIA.STATETAMILNADUDISTRICT-WISE(,..,1411,..,..,..,..,,,..,..,2169,1807,..,,53,..,,,,,,,,,,
MADURAI,1998-99,,,,,,,,,,,,,,INDIA.STATETAMILNADUDISTRICT-WISE(,..,1886,..,1446,..,..,,,..,..,3730,2757,..,,..,317,,,,,,,,,,
,1999-00,,,,,,,,,,,,,,INDIA.STATETAMILNADUDISTRICT-WISE(,..,1239,..,..,..,..,,,..,..,2139,2488,..,,..,..,,,,,,,,,,
,2000-01,,,,,,,,,,,,,,INDIA.STATETAMILNADUDISTRICT-WISE(,..,1285,..,..,..,..,,,..,..,1907,1642,..,,..,..,,,,,,,,,,
DINDUGULANNA,1998-99,,,,,,,,,,,,,,INDIA.STATETAMILNADUDISTRICT-WISE(,..,1889,..,1434,..,..,,,..,..,3785,2841,..,,..,..,,,,,,,,,,
,1999-00,,,,,,,,,,,,,,INDIA.STATETAMILNADUDISTRICT-WISE(,..,1292,..,1417,..,..,,,..,..,2604,2285,..,,..,..,,,,,,,,,,
,2000-01,,,,,,,,,,,,,,INDIA.STATETAMILNADUDISTRICT-WISE(,..,1135,..,1051,..,..,,,..,..,2325,1583,..,,..,..,,,,,,,,,,
RAMANATHPURAM,1998-99,,,,,,,,,,,,,,INDIA.STATETAMILNADUDISTRICT-WISE(,..,..,..,..,..,1642,,,..,..,3748,..,..,,53,350,,,,,,,,,,
,1999-00,,,,,,,,,,,,,,INDIA.STATETAMILNADUDISTRICT-WISE(,..,..,..,..,..,1325,,,..,..,2046,..,..,,..,..,,,,,,,,,,
,2000-01,,,,,,,,,,,,,,INDIA.STATETAMILNADUDISTRICT-WISE(,..,..,..,..,..,1674,,,..,..,1767,..,..,,68,..,,,,,,,,,,
NELLAI-,1998-99,,,,,,,,,,,,,,INDIA.STATETAMILNADUDISTRICT-WISE(,..,1907,..,..,..,..,,,..,..,3483,..,..,,48,400,,,,,,,,,,
KATTABOMMAN,1999-00,,,,,,,,,,,,,,INDIA.STATETAMILNADUDISTRICT-WISE(,..,1509,..,..,..,..,,,..,..,2406,..,..,,40,..,,,,,,,,,,
(TIRUNELVELI),2000-01,,,,,,,,,,,,,,INDIA.STATETAMILNADUDISTRICT-WISE(,..,1163,..,..,..,..,,,..,..,2325,..,..,,33,..,,,,,,,,,,
THE NILGIRIS,1998-99,,,,,,,,,,,,,,INDIA.STATETAMILNADUDISTRICT-WISE(,..,..,..,..,..,..,,,..,..,3557,..,..,,56,399,,,,,,,,,,
,1999-00,,,,,,,,,,,,,,INDIA.STATETAMILNADUDISTRICT-WISE(,..,..,..,..,..,..,,,..,..,..,..,..,,..,..,,,,,,,,,,
,2000-01,,,,,,,,,,,,,,INDIA.STATETAMILNADUDISTRICT-WISE(,..,..,..,..,..,..,,,..,..,3023,..,..,,81,..,,,,,,,,,,
KANYAKUMARI,1998-99,,,,,,,,,,,,,,INDIA.STATETAMILNADUDISTRICT-WISE(,..,..,..,..,..,..,,,..,..,3760,..,..,,45,418,,,,,,,,,,
,1999-00,,,,,,,,,,,,,,INDIA.STATETAMILNADUDISTRICT-WISE(,..,..,..,..,..,..,,,..,..,2813,..,..,,40,..,,,,,,,,,,
,2000-01,,,,,,,,,,,,,,INDIA.STATETAMILNADUDISTRICT-WISE(,..,..,..,..,..,..,,,..,..,..,..,..,,40,..,,,,,,,,,,
NAGAPATTINAM,1998-99,,,,,,,,,,,,,,INDIA.STATETAMILNADUDISTRICT-WISE(,..,..,..,..,..,..,,,..,..,3499,2992,..,,..,279,,,,,,,,,,
,1999-00,,,,,,,,,,,,,,INDIA.STATETAMILNADUDISTRICT-WISE(,..,1511,..,..,..,..,,,..,..,2790,3007,..,,..,..,,,,,,,,,,
,2000-01,,,,,,,,,,,,,,INDIA.STATETAMILNADUDISTRICT-WISE(,..,1349,..,..,..,..,,,..,..,2589,1869,..,,60,..,,,,,,,,,,
KANCHEEPURAM,1998-99,,,,,,,,,,,,,,INDIA.STATETAMILNADUDISTRICT-WISE(,..,1976,..,..,..,..,,,..,..,3706,..,..,,53,326,,,,,,,,,,
,1999-00,,,,,,,,,,,,,,INDIA.STATETAMILNADUDISTRICT-WISE(,..,1337,..,..,..,..,,,..,..,2348,..,..,,..,..,,,,,,,,,,
,2000-01,,,,,,,,,,,,,,INDIA.STATETAMILNADUDISTRICT-WISE(,..,1395,..,..,..,..,,,..,..,2034,..,..,,70,..,,,,,,,,,,
CUDDALORE,1998-99,,,,,,,,,,,,,,INDIA.STATETAMILNADUDISTRICT-WISE(,..,2009,..,..,..,..,,,..,..,3439,2969,..,,56,354,,,,,,,,,,
,1999-00,,,,,,,,,,,,,,INDIA.STATETAMILNADUDISTRICT-WISE(,..,..,..,..,..,..,,,..,..,2678,3052,..,,41,..,,,,,,,,,,
,2000-01,,,,,,,,,,,,,,INDIA.STATETAMILNADUDISTRICT-WISE(,..,1387,..,..,..,..,,,..,..,2563,1780,..,,67,..,,,,,,,,,,
VALLORE,1998-99,,,,,,,,,,,,,,INDIA.STATETAMILNADUDISTRICT-WISE(,..,..,..,..,..,..,,,..,..,3471,2862,..,,52,292,,,,,,,,,,
,1999-00,,,,,,,,,,,,,,INDIA.STATETAMILNADUDISTRICT-WISE(,..,..,..,..,..,..,,,..,..,2383,2139,..,,54,..,,,,,,,,,,
,2000-01,,,,,,,,,,,,,,INDIA.STATETAMILNADUDISTRICT-WISE(,..,1393,..,..,..,..,,,..,..,2139,1507,..,,50,..,,,,,,,,,,
ERODE,1998-99,,,,,,,,,,,,,,INDIA.STATETAMILNADUDISTRICT-WISE(,..,1923,..,1529,..,..,,,..,..,3444,2873,..,,50,347,,,,,,,,,,
,1999-00,,,,,,,,,,,,,,INDIA.STATETAMILNADUDISTRICT-WISE(,..,1519,..,1501,..,..,,,..,..,2744,1940,..,,48,..,,,,,,,,,,
,2000-01,,,,,,,,,,,,,,INDIA.STATETAMILNADUDISTRICT-WISE(,..,1457,..,1043,..,..,,,..,..,2837,1511,..,,50,..,,,,,,,,,,
SIVAGANGAI,1998-99,,,,,,,,,,,,,,INDIA.STATETAMILNADUDISTRICT-WISE(,..,..,..,..,..,..,,,..,..,3694,..,..,,..,287,,,,,,,,,,
,1999-00,,,,,,,,,,,,,,INDIA.STATETAMILNADUDISTRICT-WISE(,..,..,..,..,..,..,,,..,..,2069,..,..,,..,..,,,,,,,,,,
,2000-01,,,,,,,,,,,,,,INDIA.STATETAMILNADUDISTRICT-WISE(,..,..,..,..,..,..,,,..,..,1767,..,..,,..,..,,,,,,,,,,
VIRUDHUNAGAR,1998-99,,,,,,,,,,,,,,INDIA.STATETAMILNADUDISTRICT-WISE(,..,1860,..,..,..,1694,,,..,..,3441,..,..,,47,454,,,,,,,,,,
,1999-00,,,,,,,,,,,,,,INDIA.STATETAMILNADUDISTRICT-WISE(,..,1209,..,..,..,1279,,,..,..,2244,..,..,,56,..,,,,,,,,,,
,2000-01,,,,,,,,,,,,,,INDIA.STATETAMILNADUDISTRICT-WISE(,..,1163,..,..,..,1505,,,..,..,1941,..,..,,37,..,,,,,,,,,,
THOOTHUKKUDI,1998-99,,,,,,,,,,,,,,INDIA.STATETAMILNADUDISTRICT-WISE(,..,1901,..,1534,..,..,,,..,..,3658,2996,..,,47,450,,,,,,,,,,
,1999-00,,,,,,,,,,,,,,INDIA.STATETAMILNADUDISTRICT-WISE(,..,1276,..,1460,..,..,,,..,..,2195,2883,..,,44,..,,,,,,,,,,
,2000-01,,,,,,,,,,,,,,INDIA.STATETAMILNADUDISTRICT-WISE(,..,1269,..,1046,..,..,,,..,..,2023,1772,..,,68,..,,,,,,,,,,
TIRUVALLUR,1998-99,,,,,,,,,,,,,,INDIA.STATETAMILNADUDISTRICT-WISE(,..,1988,..,..,..,..,,,..,..,..,..,..,,..,353,,,,,,,,,,
,1999-00,,,,,,,,,,,,,,INDIA.STATETAMILNADUDISTRICT-WISE(,..,1460,..,..,..,..,,,..,..,..,..,..,,..,..,,,,,,,,,,
,2000-01,,,,,,,,,,,,,,INDIA.STATETAMILNADUDISTRICT-WISE(,..,1385,..,..,..,..,,,..,..,..,..,..,,..,..,,,,,,,,,,
VILLUPURAM,1998-99,,,,,,,,,,,,,,INDIA.STATETAMILNADUDISTRICT-WISE(,..,..,..,..,..,1693,,,..,..,..,2881,..,,..,321,,,,,,,,,,
,1999-00,,,,,,,,,,,,,,INDIA.STATETAMILNADUDISTRICT-WISE(,..,1456,..,..,..,2093,,,..,..,2546,2364,..,,..,..,,,,,,,,,,
,2000-01,,,,,,,,,,,,,,INDIA.STATETAMILNADUDISTRICT-WISE(,..,1267,..,..,..,1895,,,..,..,1959,1819,..,,79,..,,,,,,,,,,
NAMAKKAL,1998-99,,,,,,,,,,,,,,INDIA.STATETAMILNADUDISTRICT-WISE(,..,2009,..,1476,..,1767,,,..,..,..,..,..,,..,312,,,,,,,,,,
,1999-00,,,,,,,,,,,,,,INDIA.STATETAMILNADUDISTRICT-WISE(,..,1382,..,1441,..,1872,,,..,..,3302,..,..,,..,..,,,,,,,,,,
,2000-01,,,,,,,,,,,,,,INDIA.STATETAMILNADUDISTRICT-WISE(,..,1345,..,1006,..,1953,,,..,..,3255,..,..,,..,..,,,,,,,,,,
KARUR,1998-99,,,,,,,,,,,,,,INDIA.STATETAMILNADUDISTRICT-WISE(,..,..,..,..,..,..,,,..,..,3596,..,..,,47,..,,,,,,,,,,
,1999-00,,,,,,,,,,,,,,INDIA.STATETAMILNADUDISTRICT-WISE(,..,1814,..,..,..,..,,,..,..,2785,2651,..,,47,..,,,,,,,,,,
,2000-01,,,,,,,,,,,,,,INDIA.STATETAMILNADUDISTRICT-WISE(,..,1674,..,..,..,..,,,..,..,2418,1767,..,,47,..,,,,,,,,,,
PERAMBALUR,1998-99,,,,,,,,,,,,,,INDIA.STATETAMILNADUDISTRICT-WISE(,..,1909,..,..,..,..,,,..,..,..,..,..,,..,..,,,,,,,,,,
,1999-00,,,,,,,,,,,,,,INDIA.STATETAMILNADUDISTRICT-WISE(,..,1555,..,..,..,..,,,..,..,..,..,..,,..,..,,,,,,,,,,
,2000-01,,,,,,,,,,,,,,INDIA.STATETAMILNADUDISTRICT-WISE(,..,1346,..,..,..,..,,,..,..,..,..,..,,..,..,,,,,,,,,,
TIRUNARUR,1998-99,,,,,,,,,,,,,,INDIA.STATETAMILNADUDISTRICT-WISE(,..,1952,..,..,..,..,,,..,..,..,..,..,,..,283,,,,,,,,,,
,1999-00,,,,,,,,,,,,,,INDIA.STATETAMILNADUDISTRICT-WISE(,..,1752,..,..,..,..,,,..,..,..,2996,..,,..,..,,,,,,,,,,
,2000-01,,,,,,,,,,,,,,INDIA.STATETAMILNADUDISTRICT-WISE(,..,..,..,..,..,..,,,..,..,..,1930,..,,51,..,,,,,,,,,,
THENI,1998-99,,,,,,,,,,,,,,INDIA.STATETAMILNADUDISTRICT-WISE(,..,1907,..,..,..,1745,,,..,..,3632,..,..,,50,280,,,,,,,,,,
,1999-00,,,,,,,,,,,,,,INDIA.STATETAMILNADUDISTRICT-WISE(,..,1616,..,..,..,1386,,,..,..,2534,2220,..,,..,..,,,,,,,,,,
,2000-01,,,,,,,,,,,,,,INDIA.STATETAMILNADUDISTRICT-WISE(,..,..,..,..,..,1443,,,..,..,2325,1774,..,,..,..,,,,,,,,,,
TAMILNADU,1998-99,,,,,,,,,,,,,,INDIA.STATETAMILNADUDISTRICT-WISE(,..,1934,..,1472,..,1732,,,..,..,3620,2889,..,,50,316,,,,,,,,,,
(STATE weighted,1999-00,,,,,,,,,,,,,,INDIA.STATETAMILNADUDISTRICT-WISE(,..,1491,..,1441,..,1711,,,..,..,2393,2090,..,,42,..,,,,,,,,,,
AVERAGE),2000-01,,,,,,,,,,,,,,INDIA.STATETAMILNADUDISTRICT-WISE(,..,1375,..,1046,..,1726,,,..,..,2074,1536,..,,52,..,,,,,,,,,,
TRIPURA,1998-99,540,,..,..,..,..,..,..,..,1525,425,..,..,INDIA.STATETRIPURADISTRICT-WISE(Co,,,,,,,,,,,,,,,,,950,,,,,,,,,
,,565Wt,,..,..,..,..,..,..,..,..,..,..,..,INDIA.STATETRIPURADISTRICT-WISE(Co,,,,,,,,,,,,,,,,,1000,,,,,,,,,
,1999-00,..,,..,..,..,..,..,..,..,1470,402,..,..,INDIA.STATETRIPURADISTRICT-WISE(Co,,,,,,,,,,,,,,,,,983,,,,,,,,,
,,..,,..,..,..,..,..,..,..,..,..,..,..,INDIA.STATETRIPURADISTRICT-WISE(Co,,,,,,,,,,,,,,,,,1139,,,,,,,,,
,2000-00,..,,..,..,..,..,..,..,..,..,..,..,..,INDIA.STATETRIPURADISTRICT-WISE(Co,,,,,,,,,,,,,,,,,991,,,,,,,,,
TRIPURA,1998-99,540,,..,..,..,..,..,..,..,1525,425,..,..,INDIA.STATETRIPURADISTRICT-WISE(Co,,,,,,,,,,,,,,,,,950,,,,,,,,,
(S.W.Average),,565Wt,,..,..,..,..,..,..,..,..,..,..,..,INDIA.STATETRIPURADISTRICT-WISE(Co,,,,,,,,,,,,,,,,,1000,,,,,,,,,
,1999-00,..,,..,..,..,..,..,..,..,1470,402,..,..,INDIA.STATETRIPURADISTRICT-WISE(Co,,,,,,,,,,,,,,,,,983,,,,,,,,,
,,..,,..,..,..,..,..,..,..,..,..,..,..,INDIA.STATETRIPURADISTRICT-WISE(Co,,,,,,,,,,,,,,,,,1139,,,,,,,,,
,2000-01,..,,..,..,..,..,..,..,..,..,..,..,..,INDIA.STATETRIPURADISTRICT-WISE(Co,,,,,,,,,,,,,,,,,991,,,,,,,,,
TRIPURA,1998-99,,,,,,,,,,,,,,INDIA.STATETRIPURADISTRICT-WISE(Co,1500,1550,..,..,..,2310,700,..,..,..,..,..,550,,,,,,,,,,,,,
,1999-00,,,,,,,,,,,,,,INDIA.STATETRIPURADISTRICT-WISE(Co,1650,1725,..,..,..,2400,678,..,..,..,..,..,539,,,,,,,,,,,,,
,2000-01,,,,,,,,,,,,,,INDIA.STATETRIPURADISTRICT-WISE(Co,..,1800,..,..,..,..,747,..,..,..,..,..,610,,,,,,,,,,,,,
TRIPURA,1998-99,,,,,,,,,,,,,,INDIA.STATETRIPURADISTRICT-WISE(Co,1500,1550,..,..,..,2310,700,..,..,..,..,..,550,,,,,,,,,,,,,
(S.W.Average),1999-00,,,,,,,,,,,,,,INDIA.STATETRIPURADISTRICT-WISE(Co,1650,1725,..,..,..,2400,678,..,..,..,..,..,539,,,,,,,,,,,,,
,2000-01,,,,,,,,,,,,,,INDIA.STATETRIPURADISTRICT-WISE(Co,..,1800,..,..,..,..,747,..,..,..,..,..,610,,,,,,,,,,,,,
SAHARANPUR,1998-99,486,..,..,587,..,577,..,..,..,70,..,..,2838,INDIA.STATEUTTARPRADESHDISTRICT-WI,,,,,,,,,,,,,,,,,,,,,,,,,,
,,..,..,..,..,..,..,..,..,..,766,..,..,..,INDIA.STATEUTTARPRADESHDISTRICT-WI,,,,,,,,,,,,,,,,,,,,,,,,,,
,1999-00,511,..,..,608,..,607,..,..,..,73,..,..,2113,INDIA.STATEUTTARPRADESHDISTRICT-WI,,,,,,,,,,,,,,,,,,,,,,,,,,
,,..,..,..,..,..,..,..,..,..,848,..,..,..,INDIA.STATEUTTARPRADESHDISTRICT-WI,,,,,,,,,,,,,,,,,,,,,,,,,,
,2000-01,..,..,..,501,..,..,..,..,..,88,..,..,1738,INDIA.STATEUTTARPRADESHDISTRICT-WI,,,,,,,,,,,,,,,,,,,,,,,,,,
,,..,..,..,..,..,..,..,..,..,824,..,..,..,INDIA.STATEUTTARPRADESHDISTRICT-WI,,,,,,,,,,,,,,,,,,,,,,,,,,
MUZZAFARNAGAR,1998-99,522,..,..,657,..,582,..,..,1600,68,200,..,..,INDIA.STATEUTTARPRADESHDISTRICT-WI,,,,,,,,,,,,,,,,,,,,,,,,,,
,,..,..,..,..,..,..,..,..,..,766,..,..,..,INDIA.STATEUTTARPRADESHDISTRICT-WI,,,,,,,,,,,,,,,,,,,,,,,,,,
,1999-00,..,..,..,..,..,..,..,..,..,..,..,..,..,INDIA.STATEUTTARPRADESHDISTRICT-WI,,,,,,,,,,,,,,,,,,,,,,,,,,
,2000-01,..,..,..,..,..,577,..,..,..,..,..,..,..,INDIA.STATEUTTARPRADESHDISTRICT-WI,,,,,,,,,,,,,,,,,,,,,,,,,,
MEERUT,1998-99,536,..,..,611,..,645,..,..,..,58,..,..,..,INDIA.STATEUTTARPRADESHDISTRICT-WI,,,,,,,,,,,,,,,,,,,,,,,,,,
,,..,..,..,..,..,..,..,..,..,714,..,..,..,INDIA.STATEUTTARPRADESHDISTRICT-WI,,,,,,,,,,,,,,,,,,,,,,,,,,
,1999-00,..,..,..,..,..,..,..,..,..,..,..,..,..,INDIA.STATEUTTARPRADESHDISTRICT-WI,,,,,,,,,,,,,,,,,,,,,,,,,,
,2000-01,..,..,..,..,..,592,..,..,..,..**,204,..,..,INDIA.STATEUTTARPRADESHDISTRICT-WI,,,,,,,,,,,,,,,,,,,,,,,,,,
BULANDSHEHR,1998-99,..,..,..,..,..,..,..,..,..,..,..,..,..,INDIA.STATEUTTARPRADESHDISTRICT-WI,,,,,,,,,,,,,,,,,,,,,,,,,,
,1999-00,..,..,..,..,..,..,..,..,..,..,..,..,..,INDIA.STATEUTTARPRADESHDISTRICT-WI,,,,,,,,,,,,,,,,,,,,,,,,,,
,2000-01,..,..,..,..,..,..,..,..,..,..**,..,..,..,INDIA.STATEUTTARPRADESHDISTRICT-WI,,,,,,,,,,,,,,,,,,,,,,,,,,
GAZIABAD,1998-99,..,..,..,..,..,..,..,..,..,..,..,..,..,INDIA.STATEUTTARPRADESHDISTRICT-WI,,,,,,,,,,,,,,,,,,,,,,,,,,
,1999-00,..,..,..,..,..,..,..,..,..,..,..,..,..,INDIA.STATEUTTARPRADESHDISTRICT-WI,,,,,,,,,,,,,,,,,,,,,,,,,,
,2000-01,..,..,..,..,..,..,..,..,..,..**,..,..,..,INDIA.STATEUTTARPRADESHDISTRICT-WI,,,,,,,,,,,,,,,,,,,,,,,,,,
HARIDWAR,1998-99,555,..,..,523,..,587,..,..,..,67,..,..,1764,INDIA.STATEUTTARPRADESHDISTRICT-WI,,,,,,,,,,,,,,,,,,,,,,,,,,
,,..,..,..,..,..,..,..,..,..,858,..,..,..,INDIA.STATEUTTARPRADESHDISTRICT-WI,,,,,,,,,,,,,,,,,,,,,,,,,,
,1999-00,787,..,..,643,..,630,..,..,..,74,..,1601,1834,INDIA.STATEUTTARPRADESHDISTRICT-WI,,,,,,,,,,,,,,,,,,,,,,,,,,
,,..,..,..,..,..,..,..,..,..,875,..,..,..,INDIA.STATEUTTARPRADESHDISTRICT-WI,,,,,,,,,,,,,,,,,,,,,,,,,,
,2000-01,..,..,..,..,..,..,..,..,..,..**,..,..,..,INDIA.STATEUTTARPRADESHDISTRICT-WI,,,,,,,,,,,,,,,,,,,,,,,,,,
ALIGARH,1998-99,423,..,374,487,..,..,..,..,..,85,..,..,..,INDIA.STATEUTTARPRADESHDISTRICT-WI,,,,,,,,,,,,,,,,,,,,,,,,,,
,,..,..,..,..,..,..,..,..,..,817,..,..,..,INDIA.STATEUTTARPRADESHDISTRICT-WI,,,,,,,,,,,,,,,,,,,,,,,,,,
,1999-00,..,..,..,..,..,..,..,..,..,..,..,..,..,INDIA.STATEUTTARPRADESHDISTRICT-WI,,,,,,,,,,,,,,,,,,,,,,,,,,
,2000-01,..,..,328,345,..,582,435,1688,1255,793,237,..,..,INDIA.STATEUTTARPRADESHDISTRICT-WI,,,,,,,,,,,,,,,,,,,,,,,,,,
MATHURA,1998-99,438,432,368,460,..,546,463,1041,1881,78,..,..,..,INDIA.STATEUTTARPRADESHDISTRICT-WI,,,,,,,,,,,,,,,,,,,,,,,,,,
,,..,..,..,..,..,..,..,..,..,885,..,..,..,INDIA.STATEUTTARPRADESHDISTRICT-WI,,,,,,,,,,,,,,,,,,,,,,,,,,
,1999-00,487,506,492,631,..,589,537,1302,1427,71,..,..,..,INDIA.STATEUTTARPRADESHDISTRICT-WI,,,,,,,,,,,,,,,,,,,,,,,,,,
,,..,..,..,..,..,..,..,..,..,1124,..,..,..,INDIA.STATEUTTARPRADESHDISTRICT-WI,,,,,,,,,,,,,,,,,,,,,,,,,,
,2000-01,..,..,..,..,..,551,453,1730,1425,..**,..,..,..,INDIA.STATEUTTARPRADESHDISTRICT-WI,,,,,,,,,,,,,,,,,,,,,,,,,,
AGRA,1998-99,..,..,383,..,..,552,463,1038,1488,106,167,..,..,INDIA.STATEUTTARPRADESHDISTRICT-WI,,,,,,,,,,,,,,,,,,,,,,,,,,
,,..,..,..,..,..,..,..,..,..,900,..,..,..,INDIA.STATEUTTARPRADESHDISTRICT-WI,,,,,,,,,,,,,,,,,,,,,,,,,,
,1999-00,..,..,495,..,..,604,559,1250,1490,194,145,..,..,INDIA.STATEUTTARPRADESHDISTRICT-WI,,,,,,,,,,,,,,,,,,,,,,,,,,
,,..,..,..,..,..,..,..,..,..,878,..,..,..,INDIA.STATEUTTARPRADESHDISTRICT-WI,,,,,,,,,,,,,,,,,,,,,,,,,,
,2000-01,..,..,..,..,..,557,473,1564,1401,87,239,..,..,INDIA.STATEUTTARPRADESHDISTRICT-WI,,,,,,,,,,,,,,,,,,,,,,,,,,
,,..,..,..,..,..,..,..,..,..,924,..,..,..,INDIA.STATEUTTARPRADESHDISTRICT-WI,,,,,,,,,,,,,,,,,,,,,,,,,,
MAINPURI,1998-99,..,..,..,..,..,..,..,..,..,..,..,..,..,INDIA.STATEUTTARPRADESHDISTRICT-WI,,,,,,,,,,,,,,,,,,,,,,,,,,
,1999-00,..,..,..,..,..,568,518,1263,1612,..,97,..,..,INDIA.STATEUTTARPRADESHDISTRICT-WI,,,,,,,,,,,,,,,,,,,,,,,,,,
,2000-01,393,..,308,326,..,505,474,1483,1560,..,137,..,1578,INDIA.STATEUTTARPRADESHDISTRICT-WI,,,,,,,,,,,,,,,,,,,,,,,,,,
ETAH,1998-99,..,..,..,..,..,514,462,1368,..,..,192,393,..,INDIA.STATEUTTARPRADESHDISTRICT-WI,,,,,,,,,,,,,,,,,,,,,,,,,,
,1999-00,429,..,502,592,..,529,521,1343,..,..,73,496,2469,INDIA.STATEUTTARPRADESHDISTRICT-WI,,,,,,,,,,,,,,,,,,,,,,,,,,
,2000-01,392,..,313,359,..,448,448,1242,..,..,245,400,..,INDIA.STATEUTTARPRADESHDISTRICT-WI,,,,,,,,,,,,,,,,,,,,,,,,,,
FIROZABAD,1998-99,421,401,358,419,..,552,444,1129,1548,99,201,..,2275,INDIA.STATEUTTARPRADESHDISTRICT-WI,,,,,,,,,,,,,,,,,,,,,,,,,,
,,..,..,..,..,..,..,..,..,..,1325,..,..,..,INDIA.STATEUTTARPRADESHDISTRICT-WI,,,,,,,,,,,,,,,,,,,,,,,,,,
,1999-00,442,488,462,543,..,604,530,1327,1513,131,88,..,2134,INDIA.STATEUTTARPRADESHDISTRICT-WI,,,,,,,,,,,,,,,,,,,,,,,,,,
,,..,..,..,..,..,..,..,..,..,1265,..,..,..,INDIA.STATEUTTARPRADESHDISTRICT-WI,,,,,,,,,,,,,,,,,,,,,,,,,,
,2000-01,447,412,320,418,..,555,469,1529,1515,100,183,..,1733,INDIA.STATEUTTARPRADESHDISTRICT-WI,,,,,,,,,,,,,,,,,,,,,,,,,,
,,..,..,..,..,..,..,..,..,..,1176,..,..,..,INDIA.STATEUTTARPRADESHDISTRICT-WI,,,,,,,,,,,,,,,,,,,,,,,,,,
BAREILLY,1998-99,575,482,468,..,..,521,..,1315,1998,63,217,..,2016,INDIA.STATEUTTARPRADESHDISTRICT-WI,,,,,,,,,,,,,,,,,,,,,,,,,,
,,..,..,..,..,..,..,..,..,..,886,..,..,..,INDIA.STATEUTTARPRADESHDISTRICT-WI,,,,,,,,,,,,,,,,,,,,,,,,,,
,1999-00,578,373,389,577,..,592,..,1571,1734,58,201,..,..,INDIA.STATEUTTARPRADESHDISTRICT-WI,,,,,,,,,,,,,,,,,,,,,,,,,,
,,..,..,..,..,..,..,..,..,..,875,..,..,..,INDIA.STATEUTTARPRADESHDISTRICT-WI,,,,,,,,,,,,,,,,,,,,,,,,,,
,2000-01,482,553,476,619,..,525,..,2012,1978,69,423,..,2164,INDIA.STATEUTTARPRADESHDISTRICT-WI,,,,,,,,,,,,,,,,,,,,,,,,,,
,,..,..,..,..,..,..,..,..,..,904,..,..,..,INDIA.STATEUTTARPRADESHDISTRICT-WI,,,,,,,,,,,,,,,,,,,,,,,,,,
BADAUN,1998-99,..,..,..,..,..,..,..,..,..,..,..,..,..,INDIA.STATEUTTARPRADESHDISTRICT-WI,,,,,,,,,,,,,,,,,,,,,,,,,,
,1999-00,..,..,..,..,..,..,..,..,..,..,..,..,..,INDIA.STATEUTTARPRADESHDISTRICT-WI,,,,,,,,,,,,,,,,,,,,,,,,,,
,2000-01,..,..,..,..,..,..,..,..,..,..**,..,..,..,INDIA.STATEUTTARPRADESHDISTRICT-WI,,,,,,,,,,,,,,,,,,,,,,,,,,
SHAHJAHANPUR,1998-99,414,482,439,..,..,527,435,1429,1735,66,187,..,1317,INDIA.STATEUTTARPRADESHDISTRICT-WI,,,,,,,,,,,,,,,,,,,,,,,,,,
,,..,..,..,..,..,..,..,..,..,820,..,..,..,INDIA.STATEUTTARPRADESHDISTRICT-WI,,,,,,,,,,,,,,,,,,,,,,,,,,
,1999-00,451,389,446,..,..,564,503,1467,1656,61,164,..,1878,INDIA.STATEUTTARPRADESHDISTRICT-WI,,,,,,,,,,,,,,,,,,,,,,,,,,
,,..,..,..,..,..,..,..,..,..,801,..,..,..,INDIA.STATEUTTARPRADESHDISTRICT-WI,,,,,,,,,,,,,,,,,,,,,,,,,,
,2000-01,436,383,374,..,..,551,461,1638,1706,66,262,..,1236,INDIA.STATEUTTARPRADESHDISTRICT-WI,,,,,,,,,,,,,,,,,,,,,,,,,,
,,..,..,..,..,..,..,..,..,..,816,..,..,..,INDIA.STATEUTTARPRADESHDISTRICT-WI,,,,,,,,,,,,,,,,,,,,,,,,,,
PILIBHIT,1998-99,426,..,..,..,..,..,..,..,..,52,..,..,..,INDIA.STATEUTTARPRADESHDISTRICT-WI,,,,,,,,,,,,,,,,,,,,,,,,,,
,,..,..,..,..,..,..,..,..,..,750,..,..,..,INDIA.STATEUTTARPRADESHDISTRICT-WI,,,,,,,,,,,,,,,,,,,,,,,,,,
,1999-00,426,..,..,..,..,..,..,..,..,..,..,..,..,INDIA.STATEUTTARPRADESHDISTRICT-WI,,,,,,,,,,,,,,,,,,,,,,,,,,
,2000-01,..,..,..,..,..,..,..,..,..,..,..,..,..,INDIA.STATEUTTARPRADESHDISTRICT-WI,,,,,,,,,,,,,,,,,,,,,,,,,,
MORADABAD,1998-99,461,364,378,428,..,548,..,1403,1916,70,289,..,1926,INDIA.STATEUTTARPRADESHDISTRICT-WI,,,,,,,,,,,,,,,,,,,,,,,,,,
,,..,..,..,..,..,..,..,..,..,798,..,..,..,INDIA.STATEUTTARPRADESHDISTRICT-WI,,,,,,,,,,,,,,,,,,,,,,,,,,
,1999-00,..,..,..,..,..,543,..,1438,2138,..,..,..,..,INDIA.STATEUTTARPRADESHDISTRICT-WI,,,,,,,,,,,,,,,,,,,,,,,,,,
,2000-01,..,..,..,..,..,..,..,..,..,..**,..,..,..,INDIA.STATEUTTARPRADESHDISTRICT-WI,,,,,,,,,,,,,,,,,,,,,,,,,,
BIJNOR,1998-99,461,..,..,..,..,..,..,..,..,..,..,..,..,INDIA.STATEUTTARPRADESHDISTRICT-WI,,,,,,,,,,,,,,,,,,,,,,,,,,
,1999-00,..,..,..,..,..,..,..,..,..,..,..,..,..,INDIA.STATEUTTARPRADESHDISTRICT-WI,,,,,,,,,,,,,,,,,,,,,,,,,,
,2000-01,..,..,..,..,..,561,..,1900,1838,..,..,..,..,INDIA.STATEUTTARPRADESHDISTRICT-WI,,,,,,,,,,,,,,,,,,,,,,,,,,
RAMPUR,1998-99,..,..,..,..,..,..,..,..,..,62,..,..,1361,INDIA.STATEUTTARPRADESHDISTRICT-WI,,,,,,,,,,,,,,,,,,,,,,,,,,
,,..,..,..,..,..,..,..,..,..,700,..,..,..,INDIA.STATEUTTARPRADESHDISTRICT-WI,,,,,,,,,,,,,,,,,,,,,,,,,,
,1999-00,..,..,..,..,..,..,..,..,..,..,..,..,..,INDIA.STATEUTTARPRADESHDISTRICT-WI,,,,,,,,,,,,,,,,,,,,,,,,,,
,2000-01,437,..,..,..,..,..,..,..,..,..,..,..,..,INDIA.STATEUTTARPRADESHDISTRICT-WI,,,,,,,,,,,,,,,,,,,,,,,,,,
ETAWAH,1998-99,418,..,348,453,..,542,536,1329,1817,..,..,..,..,INDIA.STATEUTTARPRADESHDISTRICT-WI,,,,,,,,,,,,,,,,,,,,,,,,,,
,1999-00,443,..,480,..,..,570,559,1302,1479,744,128,..,..,INDIA.STATEUTTARPRADESHDISTRICT-WI,,,,,,,,,,,,,,,,,,,,,,,,,,
,2000-01,386,..,316,350,..,503,476,1737,1475,965,270,..,..,INDIA.STATEUTTARPRADESHDISTRICT-WI,,,,,,,,,,,,,,,,,,,,,,,,,,
KANPUR(URBAN),1998-99,..,394,428,464,..,533,463,1129,1583,95,205,..,..,INDIA.STATEUTTARPRADESHDISTRICT-WI,,,,,,,,,,,,,,,,,,,,,,,,,,
,1999-00,460,458,467,521,..,569,487,1132,1573,100,169,..,..,INDIA.STATEUTTARPRADESHDISTRICT-WI,,,,,,,,,,,,,,,,,,,,,,,,,,
,2000-01,427,406,416,511,..,528,503,1510,1399,100,288,..,..,INDIA.STATEUTTARPRADESHDISTRICT-WI,,,,,,,,,,,,,,,,,,,,,,,,,,
KANPUR(RURAL),1998-99,..,392,425,462,..,533,465,1108,1578,90,205,..,..,INDIA.STATEUTTARPRADESHDISTRICT-WI,,,,,,,,,,,,,,,,,,,,,,,,,,
,1999-00,450,447,449,521,..,607,569,1253,1519,..,136,..,..,INDIA.STATEUTTARPRADESHDISTRICT-WI,,,,,,,,,,,,,,,,,,,,,,,,,,
,2000-01,410,358,343,340,..,525,505,1503,1389,74,302,..,..,INDIA.STATEUTTARPRADESHDISTRICT-WI,,,,,,,,,,,,,,,,,,,,,,,,,,
FARRUKHABAD,1998-99,424,377,363,438,..,521,473,1203,1533,..,160,1246,1705,INDIA.STATEUTTARPRADESHDISTRICT-WI,,,,,,,,,,,,,,,,,,,,,,,,,,
,1999-00,474,443,413,500,..,584,523,1290,1518,..,125,959,1545,INDIA.STATEUTTARPRADESHDISTRICT-WI,,,,,,,,,,,,,,,,,,,,,,,,,,
,2000-01,392,350,327,360,..,569,510,1429,1487,..,..,880,1825,INDIA.STATEUTTARPRADESHDISTRICT-WI,,,,,,,,,,,,,,,,,,,,,,,,,,
ALLAHABAD,1998-99,..,..,..,..,..,..,..,..,..,..,..,..,..,INDIA.STATEUTTARPRADESHDISTRICT-WI,,,,,,,,,,,,,,,,,,,,,,,,,,
,1999-00,406,428,519,..,..,546,506,1178,1781,109,216,..,..,INDIA.STATEUTTARPRADESHDISTRICT-WI,,,,,,,,,,,,,,,,,,,,,,,,,,
,,..,..,..,..,..,..,..,..,..,1188,..,..,..,INDIA.STATEUTTARPRADESHDISTRICT-WI,,,,,,,,,,,,,,,,,,,,,,,,,,
,2000-01,..,..,..,..,..,..,..,..,..,,..,..,..,INDIA.STATEUTTARPRADESHDISTRICT-WI,,,,,,,,,,,,,,,,,,,,,,,,,,
FATEHPUR,1998-99,384,376,376,..,..,540,492,1124,1611,83,179,..,..,INDIA.STATEUTTARPRADESHDISTRICT-WI,,,,,,,,,,,,,,,,,,,,,,,,,,
,,..,..,..,..,..,..,..,..,..,975,..,..,..,INDIA.STATEUTTARPRADESHDISTRICT-WI,,,,,,,,,,,,,,,,,,,,,,,,,,
,1999-00,..,..,..,..,..,..,..,..,..,..,..,..,..,INDIA.STATEUTTARPRADESHDISTRICT-WI,,,,,,,,,,,,,,,,,,,,,,,,,,
,2000-01,..,..,..,..,..,..,..,..,..,..**,..,..,..,INDIA.STATEUTTARPRADESHDISTRICT-WI,,,,,,,,,,,,,,,,,,,,,,,,,,
PRATAPGARH,1998-99,406,..,478,..,541,508,505,1036,1527,80,168,..,..,INDIA.STATEUTTARPRADESHDISTRICT-WI,,,,,,,,,,,,,,,,,,,,,,,,,,
,,..,..,..,..,..,..,..,..,..,1096,..,..,..,INDIA.STATEUTTARPRADESHDISTRICT-WI,,,,,,,,,,,,,,,,,,,,,,,,,,
,1999-00,..,..,..,..,..,..,..,..,..,..,..,..,..,INDIA.STATEUTTARPRADESHDISTRICT-WI,,,,,,,,,,,,,,,,,,,,,,,,,,
,2000-01,384,424,418,..,363,502,510,1738,1279,74,224,..,..,INDIA.STATEUTTARPRADESHDISTRICT-WI,,,,,,,,,,,,,,,,,,,,,,,,,,
,,..,..,..,..,..,..,..,..,..,1183,..,..,..,INDIA.STATEUTTARPRADESHDISTRICT-WI,,,,,,,,,,,,,,,,,,,,,,,,,,
JHANSI,1998-99,..,466,..,..,..,538,..,1047,1374,..,..,..,1317,INDIA.STATEUTTARPRADESHDISTRICT-WI,,,,,,,,,,,,,,,,,,,,,,,,,,
,1999-00,..,559,..,..,..,556,..,1198,1438,..,..,..,1317,INDIA.STATEUTTARPRADESHDISTRICT-WI,,,,,,,,,,,,,,,,,,,,,,,,,,
,2000-01,..,575,..,..,..,554,..,1540,1295,..,..,..,1273,INDIA.STATEUTTARPRADESHDISTRICT-WI,,,,,,,,,,,,,,,,,,,,,,,,,,
JALAUN,1998-99,..,455,487,..,..,538,457,1146,1630,..,..,..,..,INDIA.STATEUTTARPRADESHDISTRICT-WI,,,,,,,,,,,,,,,,,,,,,,,,,,
,1999-00,..,554,478,..,..,582,524,1217,1477,..,..,..,..,INDIA.STATEUTTARPRADESHDISTRICT-WI,,,,,,,,,,,,,,,,,,,,,,,,,,
,2000-01,..,595,398,..,..,520,427,1568,1378,..,..,..,..,INDIA.STATEUTTARPRADESHDISTRICT-WI,,,,,,,,,,,,,,,,,,,,,,,,,,
HAMIRPUR,1998-99,..,498,426,..,..,585,..,1197,1619,87,..,..,1510,INDIA.STATEUTTARPRADESHDISTRICT-WI,,,,,,,,,,,,,,,,,,,,,,,,,,
,1999-00,..,536,542,..,..,567,..,1249,1425,87,..,..,1552,INDIA.STATEUTTARPRADESHDISTRICT-WI,,,,,,,,,,,,,,,,,,,,,,,,,,
,2000-01,..,568,488,..,..,560,..,1732,1396,86,..,..,1423,INDIA.STATEUTTARPRADESHDISTRICT-WI,,,,,,,,,,,,,,,,,,,,,,,,,,
GOALPARA,1998-99,,,,,,,,,,,,,,INDIA.STATEASSAMDISTRICT-WISE(Cont,1140,..,..,..,..,..,..,..,..,..,,,..,,,,,1861,..,,,,,,,
,1999-00,,,,,,,,,,,,,,INDIA.STATEASSAMDISTRICT-WISE(Cont,..,..,..,..,..,..,..,..,..,..,,,..,,,,,1000,..,,,,,,,
,2000-01,,,,,,,,,,,,,,INDIA.STATEASSAMDISTRICT-WISE(Cont,1000,2025,..,..,..,..,678,..,..,..,,,..,,,,,1783,..,,,,,,,
KAMRUP,1998-99,,,,,,,,,,,,,,INDIA.STATEASSAMDISTRICT-WISE(Cont,..,..,..,..,..,..,..,..,..,..,,,..,,,,,1592,..,,,,,,,
,1999-00,,,,,,,,,,,,,,INDIA.STATEASSAMDISTRICT-WISE(Cont,1000,..,..,..,..,..,558,..,..,..,,,538,,,,,1125,..,,,,,,,
,2000-01,,,,,,,,,,,,,,INDIA.STATEASSAMDISTRICT-WISE(Cont,..,..,..,..,..,..,617,..,..,..,,,..,,,,,2167,..,,,,,,,
CACHAR,1998-99,,,,,,,,,,,,,,INDIA.STATEASSAMDISTRICT-WISE(Cont,..,..,..,..,..,..,..,..,..,..,,,..,,,,,1300,298,,,,,,,
,1999-00,,,,,,,,,,,,,,INDIA.STATEASSAMDISTRICT-WISE(Cont,..,..,..,..,..,..,..,..,..,..,,,..,,,,,..,..,,,,,,,
,2000-01,,,,,,,,,,,,,,INDIA.STATEASSAMDISTRICT-WISE(Cont,..,..,..,..,..,..,..,..,..,..,,,..,,,,,..,410,,,,,,,
NAGAON,1998-99,,,,,,,,,,,,,,INDIA.STATEASSAMDISTRICT-WISE(Cont,1575,1400,..,..,..,..,672,..,..,..,,,550,,,,,1050,..,,,,,,,
,1999-00,,,,,,,,,,,,,,INDIA.STATEASSAMDISTRICT-WISE(Cont,1470,1200,..,..,..,..,725,..,..,..,,,..,,,,,1100,..,,,,,,,
,2000-01,,,,,,,,,,,,,,INDIA.STATEASSAMDISTRICT-WISE(Cont,1200,1150,..,..,..,..,650,..,..,..,,,550,,,,,900,..,,,,,,,
SIBSAGAR,1998-99,,,,,,,,,,,,,,INDIA.STATEASSAMDISTRICT-WISE(Cont,..,..,..,..,..,..,..,..,..,..,,,..,,,,,1169,..,,,,,,,
,1999-00,,,,,,,,,,,,,,INDIA.STATEASSAMDISTRICT-WISE(Cont,..,..,..,..,..,..,..,..,..,..,,,..,,,,,..,..,,,,,,,
,2000-01,,,,,,,,,,,,,,INDIA.STATEASSAMDISTRICT-WISE(Cont,..,..,..,..,..,..,..,..,..,..,,,..,,,,,..,..,,,,,,,
DARRANG,1998-99,,,,,,,,,,,,,,INDIA.STATEASSAMDISTRICT-WISE(Cont,1528,2500,..,..,..,..,..,..,..,..,,,..,,,,,..,762,,,,,,,
,1999-00,,,,,,,,,,,,,,INDIA.STATEASSAMDISTRICT-WISE(Cont,1050,1917,..,..,..,..,850,..,..,..,,,..,,,,,1459,631,,,,,,,
,2000-01,,,,,,,,,,,,,,INDIA.STATEASSAMDISTRICT-WISE(Cont,1113,1683,..,..,..,..,..,..,..,..,,,..,,,,,..,1275,,,,,,,
DIBRUGARH,1998-99,,,,,,,,,,,,,,INDIA.STATEASSAMDISTRICT-WISE(Cont,..,..,..,..,..,..,..,..,..,..,,,..,,,,,2500,..,,,,,,,
,1999-00,,,,,,,,,,,,,,INDIA.STATEASSAMDISTRICT-WISE(Cont,..,..,..,..,..,..,..,..,..,..,,,..,,,,,2800,..,,,,,,,
,2000-01,,,,,,,,,,,,,,INDIA.STATEASSAMDISTRICT-WISE(Cont,1000,..,..,..,..,..,..,..,..,..,,,..,,,,,2600,..,,,,,,,
NORTH LAKHIMPUR,1998-99,,,,,,,,,,,,,,INDIA.STATEASSAMDISTRICT-WISE(Cont,..,2687,..,..,..,..,..,..,..,..,,,..,,,,,1164,..,,,,,,,
,1999-00,,,,,,,,,,,,,,INDIA.STATEASSAMDISTRICT-WISE(Cont,..,2792,..,..,..,..,..,..,..,..,,,..,,,,,1222,..,,,,,,,
,2000-01,,,,,,,,,,,,,,INDIA.STATEASSAMDISTRICT-WISE(Cont,..,2767,..,..,..,..,..,..,..,..,,,..,,,,,900,..,,,,,,,
BANDA,1998-99,411,353,376,..,..,549,..,1068,1660,..,..,..,..,INDIA.STATEUTTARPRADESHDISTRICT-WI,,,,,,,,,,,,,,,,,,,,,,,,,,
,1999-00,..,..,..,..,..,..,..,..,..,..,..,..,..,INDIA.STATEUTTARPRADESHDISTRICT-WI,,,,,,,,,,,,,,,,,,,,,,,,,,
,2000-01,464,416,388,..,..,632,..,1207,1381,87,..,..,..,INDIA.STATEUTTARPRADESHDISTRICT-WI,,,,,,,,,,,,,,,,,,,,,,,,,,
,,..,..,..,..,..,..,..,..,..,1148,..,..,..,INDIA.STATEUTTARPRADESHDISTRICT-WI,,,,,,,,,,,,,,,,,,,,,,,,,,
LALITPUR,1998-99,472,419,342,329,..,565,465,1048,..,..,..,..,..,INDIA.STATEUTTARPRADESHDISTRICT-WI,,,,,,,,,,,,,,,,,,,,,,,,,,
,1999-00,470,586,..,503,..,571,506,1182,..,..,..,..,..,INDIA.STATEUTTARPRADESHDISTRICT-WI,,,,,,,,,,,,,,,,,,,,,,,,,,
,2000-01,442,466,..,369,..,552,412,1528,..,..,..,..,..,INDIA.STATEUTTARPRADESHDISTRICT-WI,,,,,,,,,,,,,,,,,,,,,,,,,,
VARANASI,1998-99,426,443,446,409,..,594,..,1269,1606,86,278,..,..,INDIA.STATEUTTARPRADESHDISTRICT-WI,,,,,,,,,,,,,,,,,,,,,,,,,,
,1999-00,..,..,..,..,..,..,..,..,..,..,..,..,..,INDIA.STATEUTTARPRADESHDISTRICT-WI,,,,,,,,,,,,,,,,,,,,,,,,,,
,2000-01,..,..,..,..,..,..,..,..,..,..**,..,..,..,INDIA.STATEUTTARPRADESHDISTRICT-WI,,,,,,,,,,,,,,,,,,,,,,,,,,
MIRZAPUR,1998-99,..,..,..,..,..,..,..,..,..,..,..,..,..,INDIA.STATEUTTARPRADESHDISTRICT-WI,,,,,,,,,,,,,,,,,,,,,,,,,,
,1999-00,..,..,..,..,..,..,..,..,..,..,..,..,..,INDIA.STATEUTTARPRADESHDISTRICT-WI,,,,,,,,,,,,,,,,,,,,,,,,,,
,2000-01,..,..,..,..,..,..,..,..,..,..**,..,..,..,INDIA.STATEUTTARPRADESHDISTRICT-WI,,,,,,,,,,,,,,,,,,,,,,,,,,
JAUNPUR,1998-99,..,..,..,..,..,..,..,..,..,..,..,..,..,INDIA.STATEUTTARPRADESHDISTRICT-WI,,,,,,,,,,,,,,,,,,,,,,,,,,
,1999-00,..,..,..,..,..,..,..,..,..,..,..,..,..,INDIA.STATEUTTARPRADESHDISTRICT-WI,,,,,,,,,,,,,,,,,,,,,,,,,,
,2000-01,..,..,..,..,..,..,..,..,..,..**,..,..,..,INDIA.STATEUTTARPRADESHDISTRICT-WI,,,,,,,,,,,,,,,,,,,,,,,,,,
GAZIPUR,1998-99,..,..,..,..,..,618,556,1327,..,..,220,..,..,INDIA.STATEUTTARPRADESHDISTRICT-WI,,,,,,,,,,,,,,,,,,,,,,,,,,
,1999-00,..,..,..,..,..,647,614,1397,..,..,178,..,..,INDIA.STATEUTTARPRADESHDISTRICT-WI,,,,,,,,,,,,,,,,,,,,,,,,,,
,2000-01,..,..,..,..,..,542,554,1903,..,..,204,..,..,INDIA.STATEUTTARPRADESHDISTRICT-WI,,,,,,,,,,,,,,,,,,,,,,,,,,
BALLIA,1998-99,420,342,372,498,..,595,570,1436,1845,..,237,..,..,INDIA.STATEUTTARPRADESHDISTRICT-WI,,,,,,,,,,,,,,,,,,,,,,,,,,
,1999-00,369,475,463,533,..,645,604,1452,1732,..,218,..,..,INDIA.STATEUTTARPRADESHDISTRICT-WI,,,,,,,,,,,,,,,,,,,,,,,,,,
,2000-01,349,483,383,448,..,553,552,1861,1296,..,253,..,..,INDIA.STATEUTTARPRADESHDISTRICT-WI,,,,,,,,,,,,,,,,,,,,,,,,,,
SONBHADRA,1998-99,359,313,..,425,..,579,462,1257,1222,..,381,..,..,INDIA.STATEUTTARPRADESHDISTRICT-WI,,,,,,,,,,,,,,,,,,,,,,,,,,
,1999-00,471,..,..,448,..,658,428,1058,..,..,416,..,..,INDIA.STATEUTTARPRADESHDISTRICT-WI,,,,,,,,,,,,,,,,,,,,,,,,,,
,2000-01,456,..,..,431,..,533,416,1559,1119,..,..,..,..,INDIA.STATEUTTARPRADESHDISTRICT-WI,,,,,,,,,,,,,,,,,,,,,,,,,,
GORAKHPUR,1998-99,329,..,..,683,..,586,599,1459,1531,63,319,..,1231,INDIA.STATEUTTARPRADESHDISTRICT-WI,,,,,,,,,,,,,,,,,,,,,,,,,,
,,..,..,..,..,..,..,..,..,..,1075,..,..,..,INDIA.STATEUTTARPRADESHDISTRICT-WI,,,,,,,,,,,,,,,,,,,,,,,,,,
,1999-00,343,..,..,527,..,540,..,1574,..,50,279,..,1438,INDIA.STATEUTTARPRADESHDISTRICT-WI,,,,,,,,,,,,,,,,,,,,,,,,,,
,,..,..,..,..,..,..,..,..,..,931,..,..,..,INDIA.STATEUTTARPRADESHDISTRICT-WI,,,,,,,,,,,,,,,,,,,,,,,,,,
,2000-01,384,..,..,473,..,619,..,1671,1379,55,296,..,1614,INDIA.STATEUTTARPRADESHDISTRICT-WI,,,,,,,,,,,,,,,,,,,,,,,,,,
,,..,..,..,..,..,..,..,..,..,1061,..,..,..,INDIA.STATEUTTARPRADESHDISTRICT-WI,,,,,,,,,,,,,,,,,,,,,,,,,,
SIDHARTHNAGAR,1998-99,409,..,..,405,..,552,..,1573,1798,1085,325,..,..,INDIA.STATEUTTARPRADESHDISTRICT-WI,,,,,,,,,,,,,,,,,,,,,,,,,,
,1999-00,..,..,..,..,..,..,..,..,..,..,..,..,..,INDIA.STATEUTTARPRADESHDISTRICT-WI,,,,,,,,,,,,,,,,,,,,,,,,,,
,2000-01,..,..,..,..,..,..,..,..,..,..,..,..,..,INDIA.STATEUTTARPRADESHDISTRICT-WI,,,,,,,,,,,,,,,,,,,,,,,,,,
BASTI,1998-99,..,..,..,..,..,..,..,..,..,..,..,..,..,INDIA.STATEUTTARPRADESHDISTRICT-WI,,,,,,,,,,,,,,,,,,,,,,,,,,
,1999-00,..,..,..,..,..,..,..,..,..,..,..,..,..,INDIA.STATEUTTARPRADESHDISTRICT-WI,,,,,,,,,,,,,,,,,,,,,,,,,,
,2000-01,..,..,..,..,..,..,..,..,..,..,..,..,..,INDIA.STATEUTTARPRADESHDISTRICT-WI,,,,,,,,,,,,,,,,,,,,,,,,,,
MAU,1998-99,..,..,..,..,..,..,..,..,..,..,..,..,..,INDIA.STATEUTTARPRADESHDISTRICT-WI,,,,,,,,,,,,,,,,,,,,,,,,,,
,1999-00,..,..,..,..,..,..,..,..,..,..,..,..,..,INDIA.STATEUTTARPRADESHDISTRICT-WI,,,,,,,,,,,,,,,,,,,,,,,,,,
,2000-01,..,..,..,..,..,..,..,..,..,..,..,..,..,INDIA.STATEUTTARPRADESHDISTRICT-WI,,,,,,,,,,,,,,,,,,,,,,,,,,
AZAMGARH,1998-99,444,..,..,481,..,..,..,..,..,71,..,..,..,INDIA.STATEUTTARPRADESHDISTRICT-WI,,,,,,,,,,,,,,,,,,,,,,,,,,
,,..,..,..,..,..,..,..,..,..,709,..,..,..,INDIA.STATEUTTARPRADESHDISTRICT-WI,,,,,,,,,,,,,,,,,,,,,,,,,,
,1999-00,..,..,..,..,..,..,..,..,..,..,..,..,..,INDIA.STATEUTTARPRADESHDISTRICT-WI,,,,,,,,,,,,,,,,,,,,,,,,,,
,2000-01,..,..,..,..,..,..,..,..,..,..**,..,..,..,INDIA.STATEUTTARPRADESHDISTRICT-WI,,,,,,,,,,,,,,,,,,,,,,,,,,
DEVARIA,1998-99,315,..,..,516,..,..,..,..,..,80,..,..,..,INDIA.STATEUTTARPRADESHDISTRICT-WI,,,,,,,,,,,,,,,,,,,,,,,,,,
,,..,..,..,..,..,..,..,..,..,1072,..,..,..,INDIA.STATEUTTARPRADESHDISTRICT-WI,,,,,,,,,,,,,,,,,,,,,,,,,,
,1999-00,404,..,..,647,..,543,..,1631,1844,85,288,..,..,INDIA.STATEUTTARPRADESHDISTRICT-WI,,,,,,,,,,,,,,,,,,,,,,,,,,
,,..,..,..,..,..,..,..,..,..,906,..,..,..,INDIA.STATEUTTARPRADESHDISTRICT-WI,,,,,,,,,,,,,,,,,,,,,,,,,,
,2000-01,425,..,..,556,..,437,..,1550,1538,90,233,..,..,INDIA.STATEUTTARPRADESHDISTRICT-WI,,,,,,,,,,,,,,,,,,,,,,,,,,
,,..,..,..,..,..,..,..,..,..,1025,..,..,..,INDIA.STATEUTTARPRADESHDISTRICT-WI,,,,,,,,,,,,,,,,,,,,,,,,,,
MAHARAJGANJ,1998-99,..,..,..,..,..,..,..,..,..,..,..,..,..,INDIA.STATEUTTARPRADESHDISTRICT-WI,,,,,,,,,,,,,,,,,,,,,,,,,,
,1999-99,..,..,..,..,..,..,..,..,..,..,..,..,..,INDIA.STATEUTTARPRADESHDISTRICT-WI,,,,,,,,,,,,,,,,,,,,,,,,,,
,2000-01,..,..,..,..,..,506,..,1213,1656,..,..,..,..,INDIA.STATEUTTARPRADESHDISTRICT-WI,,,,,,,,,,,,,,,,,,,,,,,,,,
UNNAO,1998-99,417,350,350,434,..,489,447,1161,1524,78,216,..,2576,INDIA.STATEUTTARPRADESHDISTRICT-WI,,,,,,,,,,,,,,,,,,,,,,,,,,
,,..,..,..,..,..,..,..,..,..,988,..,..,..,INDIA.STATEUTTARPRADESHDISTRICT-WI,,,,,,,,,,,,,,,,,,,,,,,,,,
,1999-00,452,410,435,450,..,560,529,1140,1422,85,152,..,2149,INDIA.STATEUTTARPRADESHDISTRICT-WI,,,,,,,,,,,,,,,,,,,,,,,,,,
,,..,..,..,..,..,..,..,..,..,1155,..,..,..,INDIA.STATEUTTARPRADESHDISTRICT-WI,,,,,,,,,,,,,,,,,,,,,,,,,,
,2000-01,..,..,..,..,..,531,541,1325,1906,..,311,..,..,INDIA.STATEUTTARPRADESHDISTRICT-WI,,,,,,,,,,,,,,,,,,,,,,,,,,
RAI-BRAILY,1998-99,..,..,..,..,..,..,..,..,..,..,..,..,..,INDIA.STATEUTTARPRADESHDISTRICT-WI,,,,,,,,,,,,,,,,,,,,,,,,,,
,1999-00,482,470,484,..,..,582,522,1225,1736,85,207,..,1390,INDIA.STATEUTTARPRADESHDISTRICT-WI,,,,,,,,,,,,,,,,,,,,,,,,,,
,,..,..,..,..,..,..,..,..,..,1086,..,..,..,INDIA.STATEUTTARPRADESHDISTRICT-WI,,,,,,,,,,,,,,,,,,,,,,,,,,
,2000-01,..,..,..,..,..,..,..,..,..,..**,..,..,..,INDIA.STATEUTTARPRADESHDISTRICT-WI,,,,,,,,,,,,,,,,,,,,,,,,,,
SITAPUR,1998-99,431,358,356,411,..,504,420,1489,1752,68,285,..,1820,INDIA.STATEUTTARPRADESHDISTRICT-WI,,,,,,,,,,,,,,,,,,,,,,,,,,
,,..,..,..,..,..,..,..,..,..,812,..,..,..,INDIA.STATEUTTARPRADESHDISTRICT-WI,,,,,,,,,,,,,,,,,,,,,,,,,,
,1999-00,429,454,481,547,..,541,433,1254,1423,71,121,..,1625,INDIA.STATEUTTARPRADESHDISTRICT-WI,,,,,,,,,,,,,,,,,,,,,,,,,,
,,..,..,..,..,..,..,..,..,..,1079,..,..,..,INDIA.STATEUTTARPRADESHDISTRICT-WI,,,,,,,,,,,,,,,,,,,,,,,,,,
,2000-01,..,..,..,..,..,488,480,1874,1242,..,229,..,..,INDIA.STATEUTTARPRADESHDISTRICT-WI,,,,,,,,,,,,,,,,,,,,,,,,,,
HARDOI,1998-99,328,315,..,365,..,511,410,1328,1536,950,196,..,1400,INDIA.STATEUTTARPRADESHDISTRICT-WI,,,,,,,,,,,,,,,,,,,,,,,,,,
,1999-00,457,450,396,473,..,559,487,1348,1421,61,154,..,1723,INDIA.STATEUTTARPRADESHDISTRICT-WI,,,,,,,,,,,,,,,,,,,,,,,,,,
,,..,..,..,..,..,..,..,..,..,870,..,..,..,INDIA.STATEUTTARPRADESHDISTRICT-WI,,,,,,,,,,,,,,,,,,,,,,,,,,
,2000-01,457,368,399,358,..,468,444,1679,1367,..,200,..,1656,INDIA.STATEUTTARPRADESHDISTRICT-WI,,,,,,,,,,,,,,,,,,,,,,,,,,
KHERI,1998-99,418,..,..,442,..,515,..,1653,1759,60,..,..,1764,INDIA.STATEUTTARPRADESHDISTRICT-WI,,,,,,,,,,,,,,,,,,,,,,,,,,
,,..,..,..,..,..,..,..,..,..,965,..,..,..,INDIA.STATEUTTARPRADESHDISTRICT-WI,,,,,,,,,,,,,,,,,,,,,,,,,,
,1999-00,435,..,..,491,..,538,..,1282,1554,53,..,..,1697,INDIA.STATEUTTARPRADESHDISTRICT-WI,,,,,,,,,,,,,,,,,,,,,,,,,,
,,..,..,..,..,..,..,..,..,..,840,..,..,..,INDIA.STATEUTTARPRADESHDISTRICT-WI,,,,,,,,,,,,,,,,,,,,,,,,,,
,2000-01,372,..,..,419,..,499,..,1889,1345,62,..,..,1484,INDIA.STATEUTTARPRADESHDISTRICT-WI,,,,,,,,,,,,,,,,,,,,,,,,,,
,,..,..,..,..,..,..,..,..,..,864,..,..,..,INDIA.STATEUTTARPRADESHDISTRICT-WI,,,,,,,,,,,,,,,,,,,,,,,,,,
FAIZABAD,1998-99,..,..,..,..,..,..,..,..,..,..,..,..,..,INDIA.STATEUTTARPRADESHDISTRICT-WI,,,,,,,,,,,,,,,,,,,,,,,,,,
,1999-00,..,..,..,..,..,..,..,..,..,..,..,..,..,INDIA.STATEUTTARPRADESHDISTRICT-WI,,,,,,,,,,,,,,,,,,,,,,,,,,
,2000-01,..,..,..,..,..,..,..,..,..,..**,..,..,..,INDIA.STATEUTTARPRADESHDISTRICT-WI,,,,,,,,,,,,,,,,,,,,,,,,,,
GONDA,1998-99,..,..,..,..,..,..,..,..,..,..,..,..,..,INDIA.STATEUTTARPRADESHDISTRICT-WI,,,,,,,,,,,,,,,,,,,,,,,,,,
,1999-00,..,..,..,..,..,..,..,..,..,..,..,..,..,INDIA.STATEUTTARPRADESHDISTRICT-WI,,,,,,,,,,,,,,,,,,,,,,,,,,
,2000-01,..,..,..,..,..,..,..,..,..,..**,..,..,..,INDIA.STATEUTTARPRADESHDISTRICT-WI,,,,,,,,,,,,,,,,,,,,,,,,,,
BAHARAICH,1998-99,452,..,..,376,..,519,365,1528,..,..,..,..,1210,INDIA.STATEUTTARPRADESHDISTRICT-WI,,,,,,,,,,,,,,,,,,,,,,,,,,
,1999-00,..,..,..,..,..,..,..,..,..,..,..,..,..,INDIA.STATEUTTARPRADESHDISTRICT-WI,,,,,,,,,,,,,,,,,,,,,,,,,,
,2000-01,459,..,..,420,..,525,374,1561,1288,..,..,..,1243,INDIA.STATEUTTARPRADESHDISTRICT-WI,,,,,,,,,,,,,,,,,,,,,,,,,,
SULTANPUR,1998-99,..,..,..,..,..,..,..,..,..,..,..,..,..,INDIA.STATEUTTARPRADESHDISTRICT-WI,,,,,,,,,,,,,,,,,,,,,,,,,,
,1999-00,..,..,..,..,..,..,..,..,..,..,..,..,..,INDIA.STATEUTTARPRADESHDISTRICT-WI,,,,,,,,,,,,,,,,,,,,,,,,,,
,2000-01,..,..,..,..,..,..,..,..,..,..**,..,..,..,INDIA.STATEUTTARPRADESHDISTRICT-WI,,,,,,,,,,,,,,,,,,,,,,,,,,
BARABANKI,1998-99,..,..,..,..,..,..,..,..,..,..,..,..,..,INDIA.STATEUTTARPRADESHDISTRICT-WI,,,,,,,,,,,,,,,,,,,,,,,,,,
,1999-00,..,..,..,..,..,..,..,..,..,..,..,..,..,INDIA.STATEUTTARPRADESHDISTRICT-WI,,,,,,,,,,,,,,,,,,,,,,,,,,
,2000-01,..,..,..,..,..,..,..,..,..,..,..,..,..,INDIA.STATEUTTARPRADESHDISTRICT-WI,,,,,,,,,,,,,,,,,,,,,,,,,,
NAINITAL(PLAINS),1998-99,522,..,..,498,..,549,..,..,..,77,..,..,..,INDIA.STATEUTTARPRADESHDISTRICT-WI,,,,,,,,,,,,,,,,,,,,,,,,,,
,,..,..,..,..,..,..,..,..,..,941,..,..,..,INDIA.STATEUTTARPRADESHDISTRICT-WI,,,,,,,,,,,,,,,,,,,,,,,,,,
,1999-00,500,..,..,556,..,585,..,..,..,80,..,..,..,INDIA.STATEUTTARPRADESHDISTRICT-WI,,,,,,,,,,,,,,,,,,,,,,,,,,
,,..,..,..,..,..,..,..,..,..,833,..,..,..,INDIA.STATEUTTARPRADESHDISTRICT-WI,,,,,,,,,,,,,,,,,,,,,,,,,,
,2000-01,..,..,..,..,..,..,..,..,..,..**,..,..,..,INDIA.STATEUTTARPRADESHDISTRICT-WI,,,,,,,,,,,,,,,,,,,,,,,,,,
,,..,..,..,..,..,..,..,..,..,..,..,..,..,INDIA.STATEUTTARPRADESHDISTRICT-WI,,,,,,,,,,,,,,,,,,,,,,,,,,
NAINITAL(HILLS),1998-99,..,..,..,..,..,..,..,..,..,..,..,..,..,INDIA.STATEUTTARPRADESHDISTRICT-WI,,,,,,,,,,,,,,,,,,,,,,,,,,
,1999-00,..,..,..,..,..,..,..,..,..,..,..,..,..,INDIA.STATEUTTARPRADESHDISTRICT-WI,,,,,,,,,,,,,,,,,,,,,,,,,,
,2000-01,..,..,..,..,..,..,..,..,..,..**,..,..,..,INDIA.STATEUTTARPRADESHDISTRICT-WI,,,,,,,,,,,,,,,,,,,,,,,,,,
,,..,..,..,..,..,..,..,..,..,..,..,..,..,INDIA.STATEUTTARPRADESHDISTRICT-WI,,,,,,,,,,,,,,,,,,,,,,,,,,
DEHRADUN(PLAIN),1998-99,487,..,..,483,..,532,627,..,..,..,..,..,..,INDIA.STATEUTTARPRADESHDISTRICT-WI,,,,,,,,,,,,,,,,,,,,,,,,,,
,1999-00,515,..,..,609,..,626,652,..,..,..,..,..,..,INDIA.STATEUTTARPRADESHDISTRICT-WI,,,,,,,,,,,,,,,,,,,,,,,,,,
,2000-01,..,..,..,..,..,..,..,..,..,..**,..,..,..,INDIA.STATEUTTARPRADESHDISTRICT-WI,,,,,,,,,,,,,,,,,,,,,,,,,,
,,..,..,..,..,..,..,..,..,..,..,..,..,..,INDIA.STATEUTTARPRADESHDISTRICT-WI,,,,,,,,,,,,,,,,,,,,,,,,,,
DEHRADUN(HILLS),1998-99,..,..,..,..,..,..,..,..,..,..,..,..,..,INDIA.STATEUTTARPRADESHDISTRICT-WI,,,,,,,,,,,,,,,,,,,,,,,,,,
,1999-00,..,..,..,..,..,..,..,..,..,..,..,..,..,INDIA.STATEUTTARPRADESHDISTRICT-WI,,,,,,,,,,,,,,,,,,,,,,,,,,
,2000-01,..,..,..,..,..,..,..,..,..,..**,..,..,..,INDIA.STATEUTTARPRADESHDISTRICT-WI,,,,,,,,,,,,,,,,,,,,,,,,,,
,,..,..,..,..,..,..,..,..,..,..,..,..,..,INDIA.STATEUTTARPRADESHDISTRICT-WI,,,,,,,,,,,,,,,,,,,,,,,,,,
ALMORA,1998-99,..,..,..,..,..,..,..,..,..,..,..,..,..,INDIA.STATEUTTARPRADESHDISTRICT-WI,,,,,,,,,,,,,,,,,,,,,,,,,,
,1999-00,..,..,..,..,..,..,..,..,..,..,..,..,..,INDIA.STATEUTTARPRADESHDISTRICT-WI,,,,,,,,,,,,,,,,,,,,,,,,,,
,2000-01,..,..,..,..,..,..,..,..,..,..,..,..,..,INDIA.STATEUTTARPRADESHDISTRICT-WI,,,,,,,,,,,,,,,,,,,,,,,,,,
PITHORAGARH,1998-99,..,..,..,..,..,..,..,..,..,..,..,..,..,INDIA.STATEUTTARPRADESHDISTRICT-WI,,,,,,,,,,,,,,,,,,,,,,,,,,
,1999-00,..,..,..,..,..,..,..,..,..,..,..,..,..,INDIA.STATEUTTARPRADESHDISTRICT-WI,,,,,,,,,,,,,,,,,,,,,,,,,,
,2000-01,..,..,..,..,..,..,..,..,..,..,..,..,..,INDIA.STATEUTTARPRADESHDISTRICT-WI,,,,,,,,,,,,,,,,,,,,,,,,,,
CHAMOLI,1998-99,..,..,..,..,..,..,..,..,..,..,..,..,..,INDIA.STATEUTTARPRADESHDISTRICT-WI,,,,,,,,,,,,,,,,,,,,,,,,,,
,1999-00,..,..,..,..,..,..,..,..,..,..,..,..,..,INDIA.STATEUTTARPRADESHDISTRICT-WI,,,,,,,,,,,,,,,,,,,,,,,,,,
,2000-01,..,..,..,..,..,..,..,..,..,..,..,..,..,INDIA.STATEUTTARPRADESHDISTRICT-WI,,,,,,,,,,,,,,,,,,,,,,,,,,
UTTARKASHI,1998-99,..,..,..,..,..,..,..,..,..,..,..,..,..,INDIA.STATEUTTARPRADESHDISTRICT-WI,,,,,,,,,,,,,,,,,,,,,,,,,,
,1999-00,..,..,..,..,..,..,..,..,..,..,..,..,..,INDIA.STATEUTTARPRADESHDISTRICT-WI,,,,,,,,,,,,,,,,,,,,,,,,,,
,2000-01,..,..,..,..,..,..,..,..,..,..,..,..,..,INDIA.STATEUTTARPRADESHDISTRICT-WI,,,,,,,,,,,,,,,,,,,,,,,,,,
TEHRIGARWAL,1998-99,..,..,..,..,..,..,..,..,..,..,..,..,..,INDIA.STATEUTTARPRADESHDISTRICT-WI,,,,,,,,,,,,,,,,,,,,,,,,,,
,1999-00,..,..,..,..,..,..,..,..,..,..,..,..,..,INDIA.STATEUTTARPRADESHDISTRICT-WI,,,,,,,,,,,,,,,,,,,,,,,,,,
,2000-01,..,..,..,..,..,..,..,..,..,..,..,..,..,INDIA.STATEUTTARPRADESHDISTRICT-WI,,,,,,,,,,,,,,,,,,,,,,,,,,
GARHWAL,1998-99,..,..,..,..,..,..,..,..,..,..,..,..,..,INDIA.STATEUTTARPRADESHDISTRICT-WI,,,,,,,,,,,,,,,,,,,,,,,,,,
,1999-00,..,..,..,..,..,..,..,..,..,..,..,..,..,INDIA.STATEUTTARPRADESHDISTRICT-WI,,,,,,,,,,,,,,,,,,,,,,,,,,
,2000-01,..,..,..,..,..,..,..,..,..,..,..,..,..,INDIA.STATEUTTARPRADESHDISTRICT-WI,,,,,,,,,,,,,,,,,,,,,,,,,,
LUCKNOW,1998-99,..,..,..,..,..,..,..,..,..,..,..,..,..,INDIA.STATEUTTARPRADESHDISTRICT-WI,,,,,,,,,,,,,,,,,,,,,,,,,,
,1999-00,..,..,..,..,..,..,..,..,..,..,..,..,..,INDIA.STATEUTTARPRADESHDISTRICT-WI,,,,,,,,,,,,,,,,,,,,,,,,,,
,2000-01,..,..,..,..,..,..,..,..,..,..,..,..,..,INDIA.STATEUTTARPRADESHDISTRICT-WI,,,,,,,,,,,,,,,,,,,,,,,,,,
JYOTIBAFUL,1998-99,..,..,..,..,..,..,..,..,..,..,..,..,..,INDIA.STATEUTTARPRADESHDISTRICT-WI,,,,,,,,,,,,,,,,,,,,,,,,,,
NAGAR,1999-00,..,..,..,..,..,..,..,..,..,..,..,..,..,INDIA.STATEUTTARPRADESHDISTRICT-WI,,,,,,,,,,,,,,,,,,,,,,,,,,
,2000-01,..,..,..,..,..,..,..,..,..,..,..,..,..,INDIA.STATEUTTARPRADESHDISTRICT-WI,,,,,,,,,,,,,,,,,,,,,,,,,,
KANNOJ,1998-99,412,357,360,432,..,522,472,1230,1609,..,163,..,1863,INDIA.STATEUTTARPRADESHDISTRICT-WI,,,,,,,,,,,,,,,,,,,,,,,,,,
,1999-00,433,446,441,482,..,..,..,..,..,..,..,..,1783,INDIA.STATEUTTARPRADESHDISTRICT-WI,,,,,,,,,,,,,,,,,,,,,,,,,,
,2000-01,..,..,..,..,..,..,..,..,..,..**,..,..,..,INDIA.STATEUTTARPRADESHDISTRICT-WI,,,,,,,,,,,,,,,,,,,,,,,,,,
MHOBA,1998-99,..,..,..,..,605,..,..,..,..,..,..,..,..,INDIA.STATEUTTARPRADESHDISTRICT-WI,,,,,,,,,,,,,,,,,,,,,,,,,,
,1999-00,..,..,..,..,..,618,..,1198,..,..,..,..,..,INDIA.STATEUTTARPRADESHDISTRICT-WI,,,,,,,,,,,,,,,,,,,,,,,,,,
,2000-01,..,..,..,..,..,544,..,1601,1277,..,..,..,..,INDIA.STATEUTTARPRADESHDISTRICT-WI,,,,,,,,,,,,,,,,,,,,,,,,,,
SANTRAVIDASNAGAR,1998-99,454,378,505,527,..,633,..,..,..,85,..,..,..,INDIA.STATEUTTARPRADESHDISTRICT-WI,,,,,,,,,,,,,,,,,,,,,,,,,,
,,..,..,..,..,..,..,..,..,..,1448,..,..,..,INDIA.STATEUTTARPRADESHDISTRICT-WI,,,,,,,,,,,,,,,,,,,,,,,,,,
,1999-00,511,501,545,544,..,652,..,1430,1559,100,170,..,..,INDIA.STATEUTTARPRADESHDISTRICT-WI,,,,,,,,,,,,,,,,,,,,,,,,,,
,,..,..,..,..,..,..,..,..,..,1390,..,..,..,INDIA.STATEUTTARPRADESHDISTRICT-WI,,,,,,,,,,,,,,,,,,,,,,,,,,
,2000-01,411,397,419,511,..,543,..,1568,1499,92,325,..,..,INDIA.STATEUTTARPRADESHDISTRICT-WI,,,,,,,,,,,,,,,,,,,,,,,,,,
,,..,..,..,..,..,..,..,..,..,1391,..,..,..,INDIA.STATEUTTARPRADESHDISTRICT-WI,,,,,,,,,,,,,,,,,,,,,,,,,,
SANTKABIR NAGAR,1998-99,..,..,..,..,..,..,..,1382,1553,..,238,..,..,INDIA.STATEUTTARPRADESHDISTRICT-WI,,,,,,,,,,,,,,,,,,,,,,,,,,
,1999-00,..,..,..,..,..,..,..,..,..,..,..,..,..,INDIA.STATEUTTARPRADESHDISTRICT-WI,,,,,,,,,,,,,,,,,,,,,,,,,,
,2000-01,..,..,..,..,..,..,..,..,..,..**,..,..,..,INDIA.STATEUTTARPRADESHDISTRICT-WI,,,,,,,,,,,,,,,,,,,,,,,,,,
BALRAMPUR,1998-99,354,..,..,456,..,528,420,1561,..,63,..,..,..,INDIA.STATEUTTARPRADESHDISTRICT-WI,,,,,,,,,,,,,,,,,,,,,,,,,,
,,..,..,..,..,..,..,..,..,..,1038,..,..,..,INDIA.STATEUTTARPRADESHDISTRICT-WI,,,,,,,,,,,,,,,,,,,,,,,,,,
,1999-00,..,..,..,483,..,548,488,1668,..,..,..,..,..,INDIA.STATEUTTARPRADESHDISTRICT-WI,,,,,,,,,,,,,,,,,,,,,,,,,,
,,..,..,..,..,..,..,..,..,..,..,..,..,..,INDIA.STATEUTTARPRADESHDISTRICT-WI,,,,,,,,,,,,,,,,,,,,,,,,,,
,2000-01,362,..,..,413,..,544,436,1525,..,69,..,..,..,INDIA.STATEUTTARPRADESHDISTRICT-WI,,,,,,,,,,,,,,,,,,,,,,,,,,
,,..,..,..,..,..,..,..,..,..,1056,..,..,..,INDIA.STATEUTTARPRADESHDISTRICT-WI,,,,,,,,,,,,,,,,,,,,,,,,,,
UDAMSINGH NAGAR,1998-99,504,..,..,499,..,539,..,..,..,76,..,..,..,INDIA.STATEUTTARPRADESHDISTRICT-WI,,,,,,,,,,,,,,,,,,,,,,,,,,
,,..,..,..,..,..,..,..,..,..,974,..,..,..,INDIA.STATEUTTARPRADESHDISTRICT-WI,,,,,,,,,,,,,,,,,,,,,,,,,,
,1999-00,507,..,..,491,..,..,..,..,..,79,..,..,..,INDIA.STATEUTTARPRADESHDISTRICT-WI,,,,,,,,,,,,,,,,,,,,,,,,,,
,,..,..,..,..,..,..,..,..,..,958,..,..,..,INDIA.STATEUTTARPRADESHDISTRICT-WI,,,,,,,,,,,,,,,,,,,,,,,,,,
,2000-01,..,..,..,..,..,..,..,..,..,..**,..,..,..,INDIA.STATEUTTARPRADESHDISTRICT-WI,,,,,,,,,,,,,,,,,,,,,,,,,,
MAHAMAYANAGAR,1998-99,..,..,..,..,..,..,..,..,..,..,..,..,..,INDIA.STATEUTTARPRADESHDISTRICT-WI,,,,,,,,,,,,,,,,,,,,,,,,,,
,1999-00,..,..,..,..,..,..,..,..,..,..,..,..,..,INDIA.STATEUTTARPRADESHDISTRICT-WI,,,,,,,,,,,,,,,,,,,,,,,,,,
,2000-01,439,..,448,465,..,554,502,1517,1416,71,..,..,1730,INDIA.STATEUTTARPRADESHDISTRICT-WI,,,,,,,,,,,,,,,,,,,,,,,,,,
,,..,..,..,..,..,..,..,..,..,911,..,..,..,INDIA.STATEUTTARPRADESHDISTRICT-WI,,,,,,,,,,,,,,,,,,,,,,,,,,
AMBEDKARNAGAR,1998-99,..,..,..,..,..,..,..,..,..,..,..,..,1060,INDIA.STATEUTTARPRADESHDISTRICT-WI,,,,,,,,,,,,,,,,,,,,,,,,,,
,1999-00,..,..,..,..,..,..,..,..,..,..,..,..,1022,INDIA.STATEUTTARPRADESHDISTRICT-WI,,,,,,,,,,,,,,,,,,,,,,,,,,
,2000-01,323,579,..,536,..,497,..,1771,1365,69,291,..,..,INDIA.STATEUTTARPRADESHDISTRICT-WI,,,,,,,,,,,,,,,,,,,,,,,,,,
,,..,..,..,..,..,..,..,..,..,875,..,..,..,INDIA.STATEUTTARPRADESHDISTRICT-WI,,,,,,,,,,,,,,,,,,,,,,,,,,
KUSHINAGAR,1998-99,..,..,..,..,..,..,..,..,..,..,..,..,1060,INDIA.STATEUTTARPRADESHDISTRICT-WI,,,,,,,,,,,,,,,,,,,,,,,,,,
,1999-00,..,..,..,..,..,..,..,..,..,..,..,..,1022,INDIA.STATEUTTARPRADESHDISTRICT-WI,,,,,,,,,,,,,,,,,,,,,,,,,,
,2000-01,303,..,..,519,..,456,..,..,1458,64,213,..,..,INDIA.STATEUTTARPRADESHDISTRICT-WI,,,,,,,,,,,,,,,,,,,,,,,,,,
,,..,..,..,..,..,..,..,..,..,1200,..,..,..,INDIA.STATEUTTARPRADESHDISTRICT-WI,,,,,,,,,,,,,,,,,,,,,,,,,,
CHITRAKOOT,1998-99,..,..,..,..,..,..,..,..,..,..,..,..,1060,INDIA.STATEUTTARPRADESHDISTRICT-WI,,,,,,,,,,,,,,,,,,,,,,,,,,
,1999-00,..,..,..,..,..,..,..,..,..,..,..,..,1022,INDIA.STATEUTTARPRADESHDISTRICT-WI,,,,,,,,,,,,,,,,,,,,,,,,,,
,2000-01,391,356,419,..,..,497,418,1438,1346,163,..,..,..,INDIA.STATEUTTARPRADESHDISTRICT-WI,,,,,,,,,,,,,,,,,,,,,,,,,,
,,..,..,..,..,..,..,..,..,..,1029,..,..,..,INDIA.STATEUTTARPRADESHDISTRICT-WI,,,,,,,,,,,,,,,,,,,,,,,,,,
AURAIYA,1998-99,..,..,..,..,..,..,..,..,..,..,..,..,1060,INDIA.STATEUTTARPRADESHDISTRICT-WI,,,,,,,,,,,,,,,,,,,,,,,,,,
,1999-00,..,..,..,..,..,..,..,..,..,..,..,..,1022,INDIA.STATEUTTARPRADESHDISTRICT-WI,,,,,,,,,,,,,,,,,,,,,,,,,,
,2000-01,371,..,296,341,..,524,511,1588,1387,953,300,..,..,INDIA.STATEUTTARPRADESHDISTRICT-WI,,,,,,,,,,,,,,,,,,,,,,,,,,
UTTAR PRADESH,1998-99,430,417,383,437,465,544,470,1142,1619,65,191,1636,1507,INDIA.STATEUTTARPRADESHDISTRICT-WI,,,,,,,,,,,,,,,,,,,,,,,,,,
(S.W.AVERAGE),,..,..,..,..,..,..,..,..,..,811,..,..,..,INDIA.STATEUTTARPRADESHDISTRICT-WI,,,,,,,,,,,,,,,,,,,,,,,,,,
,1998-99,456,472,478,518,..,572,525,1228,1487,72,146,689,1596,INDIA.STATEUTTARPRADESHDISTRICT-WI,,,,,,,,,,,,,,,,,,,,,,,,,,
,,..,..,..,..,..,..,..,..,..,879,..,..,..,INDIA.STATEUTTARPRADESHDISTRICT-WI,,,,,,,,,,,,,,,,,,,,,,,,,,
,2000-01,401,444,347,380,363,529,466,1323,1387,71,235,519,1399,INDIA.STATEUTTARPRADESHDISTRICT-WI,,,,,,,,,,,,,,,,,,,,,,,,,,
,,..,..,..,..,..,..,..,..,..,911,..,..,..,INDIA.STATEUTTARPRADESHDISTRICT-WI,,,,,,,,,,,,,,,,,,,,,,,,,,
SAHARANPUR,1998-99,,,,,,,,,,,,,,INDIA.STATEUTTARPRADESHDISTRICT-WI,..,3578,..,..,..,3779,..,..,..,..,..,..,,,,,,,,..,,,,,,
,1999-00,,,,,,,,,,,,,,INDIA.STATEUTTARPRADESHDISTRICT-WI,..,2917,..,..,..,3226,..,..,..,..,..,..,,,,,,,,..,,,,,,
,2000-01,,,,,,,,,,,,,,INDIA.STATEUTTARPRADESHDISTRICT-WI,..,2095,..,..,..,1673,..,..,..,..,..,..,,,,,,,,..,,,,,,
MUZZAFARNAGAR,1998-99,,,,,,,,,,,,,,INDIA.STATEUTTARPRADESHDISTRICT-WI,..,..,..,..,..,2552,..,..,..,..,..,..,,,,,,,,..,,,,,,
,1998-99,,,,,,,,,,,,,,INDIA.STATEUTTARPRADESHDISTRICT-WI,..,..,..,..,..,..,..,..,..,..,..,..,,,,,,,,..,,,,,,
,2000-01,,,,,,,,,,,,,,INDIA.STATEUTTARPRADESHDISTRICT-WI,..,..,..,..,..,..,..,..,..,..,..,..,,,,,,,,..,,,,,,
MEERUT,1998-99,,,,,,,,,,,,,,INDIA.STATEUTTARPRADESHDISTRICT-WI,..,..,..,..,..,2834,..,..,..,..,..,..,,,,,,,,..,,,,,,
,1999-00,,,,,,,,,,,,,,INDIA.STATEUTTARPRADESHDISTRICT-WI,..,..,..,..,..,..,..,..,..,..,..,..,,,,,,,,..,,,,,,
,2000-01,,,,,,,,,,,,,,INDIA.STATEUTTARPRADESHDISTRICT-WI,..,..,..,..,..,..,..,..,..,..,..,..,,,,,,,,..,,,,,,
BULANDSHEHR,1998-99,,,,,,,,,,,,,,INDIA.STATEUTTARPRADESHDISTRICT-WI,..,..,..,..,..,..,..,..,..,..,..,..,,,,,,,,..,,,,,,
,1999-00,,,,,,,,,,,,,,INDIA.STATEUTTARPRADESHDISTRICT-WI,..,..,..,..,..,..,..,..,..,..,..,..,,,,,,,,..,,,,,,
,2000-01,,,,,,,,,,,,,,INDIA.STATEUTTARPRADESHDISTRICT-WI,..,..,..,..,..,..,..,..,..,..,..,..,,,,,,,,..,,,,,,
GAZIABAD,1998-99,,,,,,,,,,,,,,INDIA.STATEUTTARPRADESHDISTRICT-WI,..,..,..,..,..,..,..,..,..,..,..,..,,,,,,,,..,,,,,,
,1999-00,,,,,,,,,,,,,,INDIA.STATEUTTARPRADESHDISTRICT-WI,..,..,..,..,..,..,..,..,..,..,..,..,,,,,,,,..,,,,,,
,2000-01,,,,,,,,,,,,,,INDIA.STATEUTTARPRADESHDISTRICT-WI,..,..,..,..,..,..,..,..,..,..,..,..,,,,,,,,..,,,,,,
HARIDWAR,1998-99,,,,,,,,,,,,,,INDIA.STATEUTTARPRADESHDISTRICT-WI,..,2630,..,..,..,..,..,..,..,..,..,..,,,,,,,,..,,,,,,
,1998-99,,,,,,,,,,,,,,INDIA.STATEUTTARPRADESHDISTRICT-WI,..,2136,..,..,..,..,..,..,..,..,..,..,,,,,,,,..,,,,,,
,2000-01,,,,,,,,,,,,,,INDIA.STATEUTTARPRADESHDISTRICT-WI,..,..,..,..,..,..,..,..,..,..,..,..,,,,,,,,..,,,,,,
ALIGARH,1998-99,,,,,,,,,,,,,,INDIA.STATEUTTARPRADESHDISTRICT-WI,..,..,..,..,..,1661,..,..,..,..,..,..,,,,,,,,..,,,,,,
,1999-00,,,,,,,,,,,,,,INDIA.STATEUTTARPRADESHDISTRICT-WI,..,..,..,..,..,..,..,..,..,..,..,..,,,,,,,,..,,,,,,
,2000-01,,,,,,,,,,,,,,INDIA.STATEUTTARPRADESHDISTRICT-WI,1178,..,..,..,..,1235,..,..,..,..,..,..,,,,,,,,..,,,,,,
MATHURA,1998-99,,,,,,,,,,,,,,INDIA.STATEUTTARPRADESHDISTRICT-WI,1366,2191,..,..,..,1622,..,..,..,..,..,..,,,,,,,,..,,,,,,
,1999-00,,,,,,,,,,,,,,INDIA.STATEUTTARPRADESHDISTRICT-WI,1086,1931,..,..,..,1690,..,..,..,..,..,..,,,,,,,,..,,,,,,
,2000-01,,,,,,,,,,,,,,INDIA.STATEUTTARPRADESHDISTRICT-WI,1180,..,..,..,..,..,..,..,..,..,..,..,,,,,,,,..,,,,,,
AGRA,1998-99,,,,,,,,,,,,,,INDIA.STATEUTTARPRADESHDISTRICT-WI,1342,2647,..,..,..,1665,..,..,..,..,..,..,,,,,,,,..,,,,,,
,1999-00,,,,,,,,,,,,,,INDIA.STATEUTTARPRADESHDISTRICT-WI,1091,1928,..,..,..,1610,..,..,..,..,..,..,,,,,,,,..,,,,,,
,2000-01,,,,,,,,,,,,,,INDIA.STATEUTTARPRADESHDISTRICT-WI,1240,1859,..,..,..,2149,..,..,..,..,..,..,,,,,,,,..,,,,,,
MAINPURI,1998-99,,,,,,,,,,,,,,INDIA.STATEUTTARPRADESHDISTRICT-WI,..,..,..,..,..,..,..,..,..,..,..,..,,,,,,,,..,,,,,,
,1999-00,,,,,,,,,,,,,,INDIA.STATEUTTARPRADESHDISTRICT-WI,1080,..,..,..,..,..,..,..,..,..,..,..,,,,,,,,..,,,,,,
,2000-01,,,,,,,,,,,,,,INDIA.STATEUTTARPRADESHDISTRICT-WI,1126,1742,..,..,..,..,..,..,..,..,..,..,,,,,,,,..,,,,,,
ETAH,1998-99,,,,,,,,,,,,,,INDIA.STATEUTTARPRADESHDISTRICT-WI,1239,..,..,..,..,..,..,..,..,..,..,..,,,,,,,,..,,,,,,
,1999-00,,,,,,,,,,,,,,INDIA.STATEUTTARPRADESHDISTRICT-WI,1082,..,..,..,..,..,..,..,..,..,..,..,,,,,,,,..,,,,,,
,2000-01,,,,,,,,,,,,,,INDIA.STATEUTTARPRADESHDISTRICT-WI,1117,..,..,..,..,..,..,..,..,..,..,..,,,,,,,,..,,,,,,
FIROZABAD,1998-99,,,,,,,,,,,,,,INDIA.STATEUTTARPRADESHDISTRICT-WI,1467,2036,..,..,..,..,..,..,..,..,..,..,,,,,,,,..,,,,,,
,1999-00,,,,,,,,,,,,,,INDIA.STATEUTTARPRADESHDISTRICT-WI,1066,2527,..,..,..,..,..,..,..,..,..,..,,,,,,,,..,,,,,,
,2000-01,,,,,,,,,,,,,,INDIA.STATEUTTARPRADESHDISTRICT-WI,1172,2031,..,..,..,..,..,..,..,..,..,..,,,,,,,,..,,,,,,
BAREILLY,1998-99,,,,,,,,,,,,,,INDIA.STATEUTTARPRADESHDISTRICT-WI,1346,..,..,..,..,..,..,..,..,..,..,..,,,,,,,,..,,,,,,
,1999-00,,,,,,,,,,,,,,INDIA.STATEUTTARPRADESHDISTRICT-WI,1125,..,..,..,..,..,..,..,..,..,..,..,,,,,,,,..,,,,,,
,2000-01,,,,,,,,,,,,,,INDIA.STATEUTTARPRADESHDISTRICT-WI,1172,..,..,..,..,..,..,..,..,..,..,..,,,,,,,,..,,,,,,
BADAUN,1998-99,,,,,,,,,,,,,,INDIA.STATEUTTARPRADESHDISTRICT-WI,..,..,..,..,..,..,..,..,..,..,..,..,,,,,,,,..,,,,,,
,1999-00,,,,,,,,,,,,,,INDIA.STATEUTTARPRADESHDISTRICT-WI,..,..,..,..,..,..,..,..,..,..,..,..,,,,,,,,..,,,,,,
,2000-01,,,,,,,,,,,,,,INDIA.STATEUTTARPRADESHDISTRICT-WI,..,..,..,..,..,..,..,..,..,..,..,..,,,,,,,,..,,,,,,
SHAHJAHANPUR,1998-99,,,,,,,,,,,,,,INDIA.STATEUTTARPRADESHDISTRICT-WI,1270,..,..,..,..,..,..,..,..,..,..,..,,,,,,,,..,,,,,,
,1999-00,,,,,,,,,,,,,,INDIA.STATEUTTARPRADESHDISTRICT-WI,1222,..,..,..,..,..,..,..,..,..,..,..,,,,,,,,..,,,,,,
,2000-01,,,,,,,,,,,,,,INDIA.STATEUTTARPRADESHDISTRICT-WI,1246,..,..,..,..,..,..,..,..,..,..,..,,,,,,,,..,,,,,,
PILIBHIT,1998-99,,,,,,,,,,,,,,INDIA.STATEUTTARPRADESHDISTRICT-WI,..,2768,..,..,..,..,..,..,..,..,..,..,,,,,,,,..,,,,,,
,1999-00,,,,,,,,,,,,,,INDIA.STATEUTTARPRADESHDISTRICT-WI,..,..,..,..,..,..,..,..,..,..,..,..,,,,,,,,..,,,,,,
,2000-01,,,,,,,,,,,,,,INDIA.STATEUTTARPRADESHDISTRICT-WI,..,..,..,..,..,..,..,..,..,..,..,..,,,,,,,,..,,,,,,
MORADABAD,1998-99,,,,,,,,,,,,,,INDIA.STATEUTTARPRADESHDISTRICT-WI,1334,..,..,..,..,..,..,..,..,..,..,..,,,,,,,,..,,,,,,
,1999-00,,,,,,,,,,,,,,INDIA.STATEUTTARPRADESHDISTRICT-WI,869,..,..,..,..,..,..,..,..,..,..,..,,,,,,,,..,,,,,,
,2000-01,,,,,,,,,,,,,,INDIA.STATEUTTARPRADESHDISTRICT-WI,..,..,..,..,..,..,..,..,..,..,..,..,,,,,,,,..,,,,,,
BIJNOR,1998-99,,,,,,,,,,,,,,INDIA.STATEUTTARPRADESHDISTRICT-WI,..,..,..,..,..,..,..,..,..,..,..,..,,,,,,,,..,,,,,,
,1999-00,,,,,,,,,,,,,,INDIA.STATEUTTARPRADESHDISTRICT-WI,..,..,..,..,..,..,..,..,..,..,..,..,,,,,,,,..,,,,,,
,2000-01,,,,,,,,,,,,,,INDIA.STATEUTTARPRADESHDISTRICT-WI,1194,..,..,..,..,..,..,..,..,..,..,..,,,,,,,,..,,,,,,
RAMPUR,1998-99,,,,,,,,,,,,,,INDIA.STATEUTTARPRADESHDISTRICT-WI,..,..,..,..,..,..,..,..,..,..,..,..,,,,,,,,..,,,,,,
,1999-00,,,,,,,,,,,,,,INDIA.STATEUTTARPRADESHDISTRICT-WI,..,..,..,..,..,..,..,..,..,..,..,..,,,,,,,,..,,,,,,
,2000-01,,,,,,,,,,,,,,INDIA.STATEUTTARPRADESHDISTRICT-WI,..,..,..,..,..,..,..,..,..,..,..,..,,,,,,,,..,,,,,,
ETAWAH,1998-99,,,,,,,,,,,,,,INDIA.STATEUTTARPRADESHDISTRICT-WI,..,..,..,..,..,..,..,..,..,..,..,..,,,,,,,,..,,,,,,
,1999-00,,,,,,,,,,,,,,INDIA.STATEUTTARPRADESHDISTRICT-WI,1127,..,..,..,..,..,..,..,..,..,..,..,,,,,,,,..,,,,,,
,2000-01,,,,,,,,,,,,,,INDIA.STATEUTTARPRADESHDISTRICT-WI,1249,..,..,..,..,..,..,..,..,..,..,..,,,,,,,,..,,,,,,
KANPUR(URBAN),1998-99,,,,,,,,,,,,,,INDIA.STATEUTTARPRADESHDISTRICT-WI,1356,1883,..,..,..,..,..,..,..,..,..,..,,,,,,,,..,,,,,,
,1999-00,,,,,,,,,,,,,,INDIA.STATEUTTARPRADESHDISTRICT-WI,1306,2100,..,..,..,..,..,..,..,..,..,..,,,,,,,,..,,,,,,
,2000-01,,,,,,,,,,,,,,INDIA.STATEUTTARPRADESHDISTRICT-WI,1230,1872,..,..,..,..,..,..,..,..,..,..,,,,,,,,..,,,,,,
KANPUR(RURAL),1998-99,,,,,,,,,,,,,,INDIA.STATEUTTARPRADESHDISTRICT-WI,1349,1971,..,..,..,..,..,..,..,..,..,..,,,,,,,,..,,,,,,
,1999-00,,,,,,,,,,,,,,INDIA.STATEUTTARPRADESHDISTRICT-WI,1147,2097,..,..,..,..,..,..,..,..,..,..,,,,,,,,..,,,,,,
,2000-01,,,,,,,,,,,,,,INDIA.STATEUTTARPRADESHDISTRICT-WI,1214,1648,..,..,..,..,..,..,..,..,..,..,,,,,,,,..,,,,,,
FARRUKHABAD,1998-99,,,,,,,,,,,,,,INDIA.STATEUTTARPRADESHDISTRICT-WI,1323,2281,..,..,..,..,..,..,..,..,..,..,,,,,,,,..,,,,,,
,1999-00,,,,,,,,,,,,,,INDIA.STATEUTTARPRADESHDISTRICT-WI,1165,1761,..,..,..,..,..,..,..,..,..,..,,,,,,,,..,,,,,,
,2000-01,,,,,,,,,,,,,,INDIA.STATEUTTARPRADESHDISTRICT-WI,1119,1506,..,..,..,..,..,..,..,..,..,..,,,,,,,,..,,,,,,
ALLAHABAD,1998-99,,,,,,,,,,,,,,INDIA.STATEUTTARPRADESHDISTRICT-WI,..,..,..,..,..,..,..,..,..,..,..,..,,,,,,,,..,,,,,,
,1999-00,,,,,,,,,,,,,,INDIA.STATEUTTARPRADESHDISTRICT-WI,981,2103,1066,..,..,..,..,..,..,..,..,..,,,,,,,,..,,,,,,
,2000-01,,,,,,,,,,,,,,INDIA.STATEUTTARPRADESHDISTRICT-WI,..,..,..,..,..,..,..,..,..,..,..,..,,,,,,,,..,,,,,,
FATEHPUR,1998-99,,,,,,,,,,,,,,INDIA.STATEUTTARPRADESHDISTRICT-WI,1415,1405,..,..,..,..,..,..,..,..,..,..,,,,,,,,..,,,,,,
,1999-00,,,,,,,,,,,,,,INDIA.STATEUTTARPRADESHDISTRICT-WI,..,..,..,..,..,..,..,..,..,..,..,..,,,,,,,,..,,,,,,
,2000-01,,,,,,,,,,,,,,INDIA.STATEUTTARPRADESHDISTRICT-WI,..,..,..,..,..,..,..,..,..,..,..,..,,,,,,,,..,,,,,,
PRATAPGARH,1998-99,,,,,,,,,,,,,,INDIA.STATEUTTARPRADESHDISTRICT-WI,..,..,..,..,..,..,..,..,..,..,..,..,,,,,,,,..,,,,,,
,1999-00,,,,,,,,,,,,,,INDIA.STATEUTTARPRADESHDISTRICT-WI,..,..,..,..,..,..,..,..,..,..,..,..,,,,,,,,..,,,,,,
,2000-01,,,,,,,,,,,,,,INDIA.STATEUTTARPRADESHDISTRICT-WI,..,..,..,..,..,..,..,2229,..,..,..,..,,,,,,,,..,,,,,,
KARBI ANGLONG,1998-99,,,,,,,,,,,,,,INDIA.STATEASSAMDISTRICT-WISE(Cont,2765,3077,745,775,..,4554,785,..,..,..,,,337,,,,,1633,455,,,,,,,
,1999-00,,,,,,,,,,,,,,INDIA.STATEASSAMDISTRICT-WISE(Cont,2213,2981,2650,2793,..,4250,802,..,..,..,,,800,,,,,2092,594,,,,,,,
,2000-01,,,,,,,,,,,,,,INDIA.STATEASSAMDISTRICT-WISE(Cont,2504,2534,2658,2844,..,4050,643,..,..,..,,,675,,,,,1862,408,,,,,,,
N.C.HILLS,1998-99,,,,,,,,,,,,,,INDIA.STATEASSAMDISTRICT-WISE(Cont,..,..,..,..,..,..,..,..,..,..,,,..,,,,,1608,..,,,,,,,
,1999-00,,,,,,,,,,,,,,INDIA.STATEASSAMDISTRICT-WISE(Cont,..,..,..,..,..,..,..,..,..,..,,,..,,,,,..,..,,,,,,,
,2000-01,,,,,,,,,,,,,,INDIA.STATEASSAMDISTRICT-WISE(Cont,..,..,..,..,..,..,..,..,..,..,,,..,,,,,1489,562,,,,,,,
TINSUKIA,1998-99,,,,,,,,,,,,,,INDIA.STATEASSAMDISTRICT-WISE(Cont,..,2700,..,..,..,..,..,..,..,..,,,..,,,,,3340,500,,,,,,,
,1999-00,,,,,,,,,,,,,,INDIA.STATEASSAMDISTRICT-WISE(Cont,..,..,..,..,..,..,..,..,..,..,,,..,,,,,..,..,,,,,,,
,2000-01,,,,,,,,,,,,,,INDIA.STATEASSAMDISTRICT-WISE(Cont,..,..,..,..,..,..,..,..,..,..,,,..,,,,,..,..,,,,,,,
KOKARAJHAR,1998-99,,,,,,,,,,,,,,INDIA.STATEASSAMDISTRICT-WISE(Cont,1378,1838,1308,..,..,..,779,..,..,..,,,589,,,,,2387,..,,,,,,,
,1999-00,,,,,,,,,,,,,,INDIA.STATEASSAMDISTRICT-WISE(Cont,1163,1961,..,..,..,..,879,..,..,..,,,625,,,,,1263,..,,,,,,,
,2000-01,,,,,,,,,,,,,,INDIA.STATEASSAMDISTRICT-WISE(Cont,1225,2052,1096,..,..,..,1008,..,..,..,,,610,,,,,2344,..,,,,,,,
,,,,,,,,,,,,,,,INDIA.STATEASSAMDISTRICT-WISE(Cont,..,..,..,..,..,..,..,..,..,..,,,..,,,,,..,..,,,,,,,
BARPETA,1998-99,,,,,,,,,,,,,,INDIA.STATEASSAMDISTRICT-WISE(Cont,..,..,..,..,..,..,446,..,..,..,,,..,,,,,..,..,,,,,,,
,1999-00,,,,,,,,,,,,,,INDIA.STATEASSAMDISTRICT-WISE(Cont,..,..,..,..,..,..,514,..,..,..,,,..,,,,,..,..,,,,,,,
,2000-01,,,,,,,,,,,,,,INDIA.STATEASSAMDISTRICT-WISE(Cont,1225,..,..,..,..,..,564,..,..,..,,,..,,,,,1500,..,,,,,,,
SONITPUR,1998-99,,,,,,,,,,,,,,INDIA.STATEASSAMDISTRICT-WISE(Cont,1293,1500,1000,..,..,..,652,..,..,..,,,..,,,,,2612,621,,,,,,,
,1999-00,,,,,,,,,,,,,,INDIA.STATEASSAMDISTRICT-WISE(Cont,1044,1697,..,..,..,..,769,..,..,..,,,..,,,,,1899,400,,,,,,,
,2000-01,,,,,,,,,,,,,,INDIA.STATEASSAMDISTRICT-WISE(Cont,811,1500,..,..,..,..,672,..,..,..,,,..,,,,,1639,642,,,,,,,
HAILA-KANDI,1998-99,,,,,,,,,,,,,,INDIA.STATEASSAMDISTRICT-WISE(Cont,..,1700,..,..,..,..,1000,..,..,..,,,..,,,,,2333,296,,,,,,,
,1999-00,,,,,,,,,,,,,,INDIA.STATEASSAMDISTRICT-WISE(Cont,..,..,..,..,..,..,..,..,..,..,,,..,,,,,2100,200,,,,,,,
,2000-01,,,,,,,,,,,,,,INDIA.STATEASSAMDISTRICT-WISE(Cont,1600,..,..,..,..,..,1045,..,..,..,,,..,,,,,2100,275,,,,,,,
BONGAIGAON,1998-99,,,,,,,,,,,,,,INDIA.STATEASSAMDISTRICT-WISE(Cont,1123,1885,..,..,..,..,..,..,..,..,,,799,,,,,1577,..,,,,,,,
,1999-00,,,,,,,,,,,,,,INDIA.STATEASSAMDISTRICT-WISE(Cont,1097,1756,..,..,..,..,825,..,..,..,,,..,,,,,837,..,,,,,,,
,2000-01,,,,,,,,,,,,,,INDIA.STATEASSAMDISTRICT-WISE(Cont,1188,1568,..,..,..,3000,791,..,..,..,,,514,,,,,1346,..,,,,,,,
JHANSI,1998-99,,,,,,,,,,,,,,INDIA.STATEUTTARPRADESHDISTRICT-WI,..,2147,..,..,..,..,..,..,..,..,..,..,,,,,,,,859,,,,,,
,1999-00,,,,,,,,,,,,,,INDIA.STATEUTTARPRADESHDISTRICT-WI,..,2142,..,..,..,..,..,..,..,..,..,..,,,,,,,,764,,,,,,
,2000-01,,,,,,,,,,,,,,INDIA.STATEUTTARPRADESHDISTRICT-WI,..,1784,..,..,..,..,..,..,..,..,..,..,,,,,,,,853,,,,,,
JALAUN,1998-99,,,,,,,,,,,,,,INDIA.STATEUTTARPRADESHDISTRICT-WI,1246,..,1525,..,..,..,..,..,..,..,..,..,,,,,,,,854,,,,,,
,1999-00,,,,,,,,,,,,,,INDIA.STATEUTTARPRADESHDISTRICT-WI,1074,..,1327,..,..,..,..,..,..,..,..,..,,,,,,,,747,,,,,,
,2000-01,,,,,,,,,,,,,,INDIA.STATEUTTARPRADESHDISTRICT-WI,1166,..,1364,..,..,..,..,1827,..,..,..,..,,,,,,,,855,,,,,,
HAMIRPUR,1998-99,,,,,,,,,,,,,,INDIA.STATEUTTARPRADESHDISTRICT-WI,1338,..,1520,..,..,..,..,..,..,..,..,..,,,,,,,,779,,,,,,
,1999-00,,,,,,,,,,,,,,INDIA.STATEUTTARPRADESHDISTRICT-WI,1086,..,1315,..,..,..,..,..,..,..,..,..,,,,,,,,..,,,,,,
,2000-01,,,,,,,,,,,,,,INDIA.STATEUTTARPRADESHDISTRICT-WI,1261,..,1415,..,..,..,..,..,..,..,..,..,,,,,,,,..,,,,,,
BANDA,1998-99,,,,,,,,,,,,,,INDIA.STATEUTTARPRADESHDISTRICT-WI,1439,..,1486,..,..,..,..,..,..,..,..,..,,,,,,,,927,,,,,,
,1999-00,,,,,,,,,,,,,,INDIA.STATEUTTARPRADESHDISTRICT-WI,..,..,..,..,..,..,..,..,..,..,..,..,,,,,,,,..,,,,,,
,2000-01,,,,,,,,,,,,,,INDIA.STATEUTTARPRADESHDISTRICT-WI,1175,..,1339,..,..,..,..,1683,..,..,..,..,,,,,,,,..,,,,,,
LALITPUR,1998-99,,,,,,,,,,,,,,INDIA.STATEUTTARPRADESHDISTRICT-WI,..,2092,1413,..,..,..,..,..,..,..,..,..,,,,,,,,930,,,,,,
,1999-00,,,,,,,,,,,,,,INDIA.STATEUTTARPRADESHDISTRICT-WI,..,1789,1438,..,..,..,..,..,..,..,..,..,,,,,,,,776,,,,,,
,2000-01,,,,,,,,,,,,,,INDIA.STATEUTTARPRADESHDISTRICT-WI,..,1670,1174,..,..,..,..,..,..,..,..,..,,,,,,,,816,,,,,,
VARANASI,1998-99,,,,,,,,,,,,,,INDIA.STATEUTTARPRADESHDISTRICT-WI,..,..,..,..,..,..,..,..,..,..,..,..,,,,,,,,..,,,,,,
,1999-00,,,,,,,,,,,,,,INDIA.STATEUTTARPRADESHDISTRICT-WI,..,..,..,..,..,..,..,..,..,..,..,..,,,,,,,,..,,,,,,
,2000-01,,,,,,,,,,,,,,INDIA.STATEUTTARPRADESHDISTRICT-WI,..,..,..,..,..,..,..,..,..,..,..,..,,,,,,,,..,,,,,,
MIRZAPUR,1998-99,,,,,,,,,,,,,,INDIA.STATEUTTARPRADESHDISTRICT-WI,..,..,..,..,..,..,..,..,..,..,..,..,,,,,,,,..,,,,,,
,1999-00,,,,,,,,,,,,,,INDIA.STATEUTTARPRADESHDISTRICT-WI,..,..,..,..,..,..,..,..,..,..,..,..,,,,,,,,..,,,,,,
,2000-01,,,,,,,,,,,,,,INDIA.STATEUTTARPRADESHDISTRICT-WI,..,..,..,..,..,..,..,..,..,..,..,..,,,,,,,,..,,,,,,
JAUNPUR,1998-99,,,,,,,,,,,,,,INDIA.STATEUTTARPRADESHDISTRICT-WI,..,..,..,..,..,..,..,..,..,..,..,..,,,,,,,,..,,,,,,
,1999-00,,,,,,,,,,,,,,INDIA.STATEUTTARPRADESHDISTRICT-WI,..,..,..,..,..,..,..,..,..,..,..,..,,,,,,,,..,,,,,,
,2000-01,,,,,,,,,,,,,,INDIA.STATEUTTARPRADESHDISTRICT-WI,..,..,..,..,..,..,..,..,..,..,..,..,,,,,,,,..,,,,,,
GAZIPUR,1998-99,,,,,,,,,,,,,,INDIA.STATEUTTARPRADESHDISTRICT-WI,..,..,..,..,..,..,..,..,..,..,..,..,,,,,,,,..,,,,,,
,1999-00,,,,,,,,,,,,,,INDIA.STATEUTTARPRADESHDISTRICT-WI,..,..,..,..,..,..,..,..,..,..,..,..,,,,,,,,..,,,,,,
,2000-01,,,,,,,,,,,,,,INDIA.STATEUTTARPRADESHDISTRICT-WI,..,..,..,..,..,..,..,..,..,..,..,..,,,,,,,,..,,,,,,
BALLIA,1998-99,,,,,,,,,,,,,,INDIA.STATEUTTARPRADESHDISTRICT-WI,..,..,..,..,..,..,..,..,..,..,..,..,,,,,,,,..,,,,,,
,1999-00,,,,,,,,,,,,,,INDIA.STATEUTTARPRADESHDISTRICT-WI,..,..,..,..,..,..,..,..,..,..,..,..,,,,,,,,..,,,,,,
,2000-01,,,,,,,,,,,,,,INDIA.STATEUTTARPRADESHDISTRICT-WI,..,..,..,..,..,..,..,..,..,..,..,..,,,,,,,,..,,,,,,
SONBHADRA,1998-99,,,,,,,,,,,,,,INDIA.STATEUTTARPRADESHDISTRICT-WI,1250,1846,1321,..,..,..,..,..,..,..,..,..,,,,,,,,..,,,,,,
,1999-00,,,,,,,,,,,,,,INDIA.STATEUTTARPRADESHDISTRICT-WI,1119,1191,1031,..,..,..,..,..,..,..,..,..,,,,,,,,..,,,,,,
,2000-01,,,,,,,,,,,,,,INDIA.STATEUTTARPRADESHDISTRICT-WI,1129,1050,978,..,..,..,..,..,..,..,..,..,,,,,,,,..,,,,,,
GORAKHPUR,1998-99,,,,,,,,,,,,,,INDIA.STATEUTTARPRADESHDISTRICT-WI,1213,..,..,..,..,..,..,..,..,..,..,..,,,,,,,,..,,,,,,
,1999-00,,,,,,,,,,,,,,INDIA.STATEUTTARPRADESHDISTRICT-WI,1093,..,..,..,..,..,..,..,..,..,..,..,,,,,,,,..,,,,,,
,2000-01,,,,,,,,,,,,,,INDIA.STATEUTTARPRADESHDISTRICT-WI,1249,..,..,..,..,..,..,..,..,..,..,..,,,,,,,,..,,,,,,
SIDHARTHNAGAR,1998-99,,,,,,,,,,,,,,INDIA.STATEUTTARPRADESHDISTRICT-WI,869,..,1335,..,..,..,..,..,..,..,..,..,,,,,,,,..,,,,,,
,1999-00,,,,,,,,,,,,,,INDIA.STATEUTTARPRADESHDISTRICT-WI,..,..,..,..,..,..,..,..,..,..,..,..,,,,,,,,..,,,,,,
,2000-01,,,,,,,,,,,,,,INDIA.STATEUTTARPRADESHDISTRICT-WI,..,..,..,..,..,..,..,..,..,..,..,..,,,,,,,,..,,,,,,
BASTI,1998-99,,,,,,,,,,,,,,INDIA.STATEUTTARPRADESHDISTRICT-WI,..,..,..,..,..,..,..,..,..,..,..,..,,,,,,,,..,,,,,,
,1999-00,,,,,,,,,,,,,,INDIA.STATEUTTARPRADESHDISTRICT-WI,..,..,..,..,..,..,..,..,..,..,..,..,,,,,,,,..,,,,,,
,2000-01,,,,,,,,,,,,,,INDIA.STATEUTTARPRADESHDISTRICT-WI,..,..,..,..,..,..,..,..,..,..,..,..,,,,,,,,..,,,,,,
MAU,1998-99,,,,,,,,,,,,,,INDIA.STATEUTTARPRADESHDISTRICT-WI,..,..,..,..,..,..,..,..,..,..,..,..,,,,,,,,..,,,,,,
,1999-00,,,,,,,,,,,,,,INDIA.STATEUTTARPRADESHDISTRICT-WI,..,..,..,..,..,..,..,..,..,..,..,..,,,,,,,,..,,,,,,
,2000-01,,,,,,,,,,,,,,INDIA.STATEUTTARPRADESHDISTRICT-WI,..,..,..,..,..,..,..,..,..,..,..,..,,,,,,,,..,,,,,,
AZAMGARH,1998-99,,,,,,,,,,,,,,INDIA.STATEUTTARPRADESHDISTRICT-WI,..,..,..,..,..,..,1722,..,..,..,..,..,,,,,,,,..,,,,,,
,1999-00,,,,,,,,,,,,,,INDIA.STATEUTTARPRADESHDISTRICT-WI,..,..,..,..,..,..,..,..,..,..,..,..,,,,,,,,..,,,,,,
,2000-01,,,,,,,,,,,,,,INDIA.STATEUTTARPRADESHDISTRICT-WI,..,..,..,..,..,..,..,..,..,..,..,..,,,,,,,,..,,,,,,
DEVARIA,1998-99,,,,,,,,,,,,,,INDIA.STATEUTTARPRADESHDISTRICT-WI,..,..,..,..,..,..,..,..,..,..,..,..,,,,,,,,..,,,,,,
,1999-00,,,,,,,,,,,,,,INDIA.STATEUTTARPRADESHDISTRICT-WI,1149,..,..,..,..,..,..,..,..,..,..,..,,,,,,,,..,,,,,,
,2000-01,,,,,,,,,,,,,,INDIA.STATEUTTARPRADESHDISTRICT-WI,1076,..,..,..,..,..,..,..,..,..,..,..,,,,,,,,..,,,,,,
MAHARAJGANJ,1998-99,,,,,,,,,,,,,,INDIA.STATEUTTARPRADESHDISTRICT-WI,..,..,..,..,..,..,..,..,..,..,..,..,,,,,,,,..,,,,,,
,1999-00,,,,,,,,,,,,,,INDIA.STATEUTTARPRADESHDISTRICT-WI,..,..,..,..,..,..,..,..,..,..,..,..,,,,,,,,..,,,,,,
,2000-01,,,,,,,,,,,,,,INDIA.STATEUTTARPRADESHDISTRICT-WI,1238,..,1602,..,..,..,..,..,..,..,..,..,,,,,,,,..,,,,,,
UNNAO,1998-99,,,,,,,,,,,,,,INDIA.STATEUTTARPRADESHDISTRICT-WI,1278,2351,..,..,..,..,..,..,..,..,..,..,,,,,,,,..,,,,,,
,1999-00,,,,,,,,,,,,,,INDIA.STATEUTTARPRADESHDISTRICT-WI,1079,1826,..,..,..,..,..,..,..,..,..,..,,,,,,,,..,,,,,,
,2000-01,,,,,,,,,,,,,,INDIA.STATEUTTARPRADESHDISTRICT-WI,1100,..,..,..,..,..,..,..,..,..,..,..,,,,,,,,..,,,,,,
RAI-BRAILY,1998-99,,,,,,,,,,,,,,INDIA.STATEUTTARPRADESHDISTRICT-WI,..,..,..,..,..,..,..,..,..,..,..,..,,,,,,,,..,,,,,,
,1999-00,,,,,,,,,,,,,,INDIA.STATEUTTARPRADESHDISTRICT-WI,..,1688,..,..,..,..,..,..,..,..,..,..,,,,,,,,..,,,,,,
,2000-01,,,,,,,,,,,,,,INDIA.STATEUTTARPRADESHDISTRICT-WI,..,..,..,..,..,..,..,..,..,..,..,..,,,,,,,,..,,,,,,
SITAPUR,1998-99,,,,,,,,,,,,,,INDIA.STATEUTTARPRADESHDISTRICT-WI,1311,..,..,..,..,..,..,..,..,..,..,..,,,,,,,,..,,,,,,
,1999-00,,,,,,,,,,,,,,INDIA.STATEUTTARPRADESHDISTRICT-WI,1025,..,..,..,..,..,..,..,..,..,..,..,,,,,,,,..,,,,,,
,2000-01,,,,,,,,,,,,,,INDIA.STATEUTTARPRADESHDISTRICT-WI,1028,..,..,..,..,..,..,..,..,..,..,..,,,,,,,,..,,,,,,
HARDOI,1998-99,,,,,,,,,,,,,,INDIA.STATEUTTARPRADESHDISTRICT-WI,1216,..,..,..,..,..,925,..,..,..,..,..,,,,,,,,..,,,,,,
,1999-00,,,,,,,,,,,,,,INDIA.STATEUTTARPRADESHDISTRICT-WI,1054,..,..,..,..,..,..,..,..,..,..,..,,,,,,,,..,,,,,,
,2000-01,,,,,,,,,,,,,,INDIA.STATEUTTARPRADESHDISTRICT-WI,1025,..,..,..,..,..,..,1214,..,..,..,..,,,,,,,,..,,,,,,
KHERI,1998-99,,,,,,,,,,,,,,INDIA.STATEUTTARPRADESHDISTRICT-WI,1433,..,..,..,..,..,..,..,..,..,..,..,,,,,,,,..,,,,,,
,1998-99,,,,,,,,,,,,,,INDIA.STATEUTTARPRADESHDISTRICT-WI,1021,..,..,..,..,..,1220,..,..,..,..,..,,,,,,,,..,,,,,,
,2000-01,,,,,,,,,,,,,,INDIA.STATEUTTARPRADESHDISTRICT-WI,1038,..,..,..,..,..,..,..,..,..,..,..,,,,,,,,..,,,,,,
FAIZABAD,1998-99,,,,,,,,,,,,,,INDIA.STATEUTTARPRADESHDISTRICT-WI,..,..,..,..,..,..,..,..,..,..,..,..,,,,,,,,..,,,,,,
,1999-00,,,,,,,,,,,,,,INDIA.STATEUTTARPRADESHDISTRICT-WI,..,..,..,..,..,..,..,..,..,..,..,..,,,,,,,,..,,,,,,
,2000-01,,,,,,,,,,,,,,INDIA.STATEUTTARPRADESHDISTRICT-WI,..,..,..,..,..,..,..,..,..,..,..,..,,,,,,,,..,,,,,,
GONDA,1998-99,,,,,,,,,,,,,,INDIA.STATEUTTARPRADESHDISTRICT-WI,..,..,..,..,..,..,..,..,..,..,..,..,,,,,,,,..,,,,,,
,1999-00,,,,,,,,,,,,,,INDIA.STATEUTTARPRADESHDISTRICT-WI,..,..,..,..,..,..,..,..,..,..,..,..,,,,,,,,..,,,,,,
,2000-01,,,,,,,,,,,,,,INDIA.STATEUTTARPRADESHDISTRICT-WI,..,..,..,..,..,..,..,..,..,..,..,..,,,,,,,,..,,,,,,
BAHARAICH,1998-99,,,,,,,,,,,,,,INDIA.STATEUTTARPRADESHDISTRICT-WI,1327,..,976,..,..,..,564,..,..,..,..,..,,,,,,,,..,,,,,,
,1999-00,,,,,,,,,,,,,,INDIA.STATEUTTARPRADESHDISTRICT-WI,..,..,..,..,..,..,..,..,..,..,..,..,,,,,,,,..,,,,,,
,2000-01,,,,,,,,,,,,,,INDIA.STATEUTTARPRADESHDISTRICT-WI,..,1613,978,..,..,..,..,..,..,..,..,..,,,,,,,,..,,,,,,
SULTANPUR,1998-99,,,,,,,,,,,,,,INDIA.STATEUTTARPRADESHDISTRICT-WI,..,..,..,..,..,..,..,..,..,..,..,..,,,,,,,,..,,,,,,
,1999-00,,,,,,,,,,,,,,INDIA.STATEUTTARPRADESHDISTRICT-WI,..,..,..,..,..,..,..,..,..,..,..,..,,,,,,,,..,,,,,,
,2000-01,,,,,,,,,,,,,,INDIA.STATEUTTARPRADESHDISTRICT-WI,..,..,..,..,..,..,..,..,..,..,..,..,,,,,,,,..,,,,,,
BARABANKI,1998-99,,,,,,,,,,,,,,INDIA.STATEUTTARPRADESHDISTRICT-WI,..,..,..,..,..,..,..,..,..,..,..,..,,,,,,,,..,,,,,,
,1999-00,,,,,,,,,,,,,,INDIA.STATEUTTARPRADESHDISTRICT-WI,..,..,..,..,..,..,..,..,..,..,..,..,,,,,,,,..,,,,,,
,2000-01,,,,,,,,,,,,,,INDIA.STATEUTTARPRADESHDISTRICT-WI,..,..,..,..,..,..,..,..,..,..,..,..,,,,,,,,..,,,,,,
NAINITAL(PLAINS),1998-99,,,,,,,,,,,,,,INDIA.STATEUTTARPRADESHDISTRICT-WI,1456,..,..,..,..,..,..,..,..,..,..,..,,,,,,,,969,,,,,,
,1999-00,,,,,,,,,,,,,,INDIA.STATEUTTARPRADESHDISTRICT-WI,1101,..,..,..,..,..,..,..,..,..,..,..,,,,,,,,728,,,,,,
,2000-01,,,,,,,,,,,,,,INDIA.STATEUTTARPRADESHDISTRICT-WI,..,..,..,..,..,..,..,..,..,..,..,..,,,,,,,,..,,,,,,
NAINITAL(HILLS),1998-99,,,,,,,,,,,,,,INDIA.STATEUTTARPRADESHDISTRICT-WI,..,..,..,..,..,..,..,..,..,..,..,..,,,,,,,,..,,,,,,
,1999-00,,,,,,,,,,,,,,INDIA.STATEUTTARPRADESHDISTRICT-WI,..,..,..,..,..,..,..,..,..,..,..,..,,,,,,,,..,,,,,,
,2000-01,,,,,,,,,,,,,,INDIA.STATEUTTARPRADESHDISTRICT-WI,..,..,..,..,..,..,..,..,..,..,..,..,,,,,,,,..,,,,,,
DEHRADUN(PLAIN),1998-99,,,,,,,,,,,,,,INDIA.STATEUTTARPRADESHDISTRICT-WI,..,..,..,..,..,..,..,..,..,..,..,..,,,,,,,,..,,,,,,
,1999-00,,,,,,,,,,,,,,INDIA.STATEUTTARPRADESHDISTRICT-WI,..,..,..,..,..,..,..,..,..,..,..,..,,,,,,,,..,,,,,,
,2000-01,,,,,,,,,,,,,,INDIA.STATEUTTARPRADESHDISTRICT-WI,..,..,..,..,..,..,..,..,..,..,..,..,,,,,,,,..,,,,,,
DEHRADUN(HILLS),1998-99,,,,,,,,,,,,,,INDIA.STATEUTTARPRADESHDISTRICT-WI,..,..,..,..,..,..,..,..,..,..,..,..,,,,,,,,..,,,,,,
,1999-00,,,,,,,,,,,,,,INDIA.STATEUTTARPRADESHDISTRICT-WI,..,..,..,..,..,..,..,..,..,..,..,..,,,,,,,,..,,,,,,
,2000-01,,,,,,,,,,,,,,INDIA.STATEUTTARPRADESHDISTRICT-WI,..,..,..,..,..,..,..,..,..,..,..,..,,,,,,,,..,,,,,,
ALMORA,1998-99,,,,,,,,,,,,,,INDIA.STATEUTTARPRADESHDISTRICT-WI,..,..,..,..,..,..,..,..,..,..,..,..,,,,,,,,..,,,,,,
,1999-00,,,,,,,,,,,,,,INDIA.STATEUTTARPRADESHDISTRICT-WI,..,..,..,..,..,..,..,..,..,..,..,..,,,,,,,,..,,,,,,
,2000-01,,,,,,,,,,,,,,INDIA.STATEUTTARPRADESHDISTRICT-WI,..,..,..,..,..,..,..,..,..,..,..,..,,,,,,,,..,,,,,,
PITHORAGARH,1998-99,,,,,,,,,,,,,,INDIA.STATEUTTARPRADESHDISTRICT-WI,..,..,..,..,..,..,..,..,..,..,..,..,,,,,,,,..,,,,,,
,1999-00,,,,,,,,,,,,,,INDIA.STATEUTTARPRADESHDISTRICT-WI,..,..,..,..,..,..,..,..,..,..,..,..,,,,,,,,..,,,,,,
,2000-01,,,,,,,,,,,,,,INDIA.STATEUTTARPRADESHDISTRICT-WI,..,..,..,..,..,..,..,..,..,..,..,..,,,,,,,,..,,,,,,
CHAMOLI,1998-99,,,,,,,,,,,,,,INDIA.STATEUTTARPRADESHDISTRICT-WI,..,..,..,..,..,..,..,..,..,..,..,..,,,,,,,,..,,,,,,
,1999-00,,,,,,,,,,,,,,INDIA.STATEUTTARPRADESHDISTRICT-WI,..,..,..,..,..,..,..,..,..,..,..,..,,,,,,,,..,,,,,,
,2000-01,,,,,,,,,,,,,,INDIA.STATEUTTARPRADESHDISTRICT-WI,..,..,..,..,..,..,..,..,..,..,..,..,,,,,,,,..,,,,,,
UTTARKASHI,1998-99,,,,,,,,,,,,,,INDIA.STATEUTTARPRADESHDISTRICT-WI,..,..,..,..,..,..,..,..,..,..,..,..,,,,,,,,..,,,,,,
,1999-00,,,,,,,,,,,,,,INDIA.STATEUTTARPRADESHDISTRICT-WI,..,..,..,..,..,..,..,..,..,..,..,..,,,,,,,,..,,,,,,
,2000-01,,,,,,,,,,,,,,INDIA.STATEUTTARPRADESHDISTRICT-WI,..,..,..,..,..,..,..,..,..,..,..,..,,,,,,,,..,,,,,,
TEHRIGARWAL,1998-99,,,,,,,,,,,,,,INDIA.STATEUTTARPRADESHDISTRICT-WI,..,..,..,..,..,..,..,..,..,..,..,..,,,,,,,,..,,,,,,
,1999-00,,,,,,,,,,,,,,INDIA.STATEUTTARPRADESHDISTRICT-WI,..,..,..,..,..,..,..,..,..,..,..,..,,,,,,,,..,,,,,,
,2000-01,,,,,,,,,,,,,,INDIA.STATEUTTARPRADESHDISTRICT-WI,..,..,..,..,..,..,..,..,..,..,..,..,,,,,,,,..,,,,,,
GARHWAL,1998-99,,,,,,,,,,,,,,INDIA.STATEUTTARPRADESHDISTRICT-WI,..,..,..,..,..,..,..,..,..,..,..,..,,,,,,,,..,,,,,,
,1999-00,,,,,,,,,,,,,,INDIA.STATEUTTARPRADESHDISTRICT-WI,..,..,..,..,..,..,..,..,..,..,..,..,,,,,,,,..,,,,,,
,2000-01,,,,,,,,,,,,,,INDIA.STATEUTTARPRADESHDISTRICT-WI,..,..,..,..,..,..,..,..,..,..,..,..,,,,,,,,..,,,,,,
LUCKNOW,1998-99,,,,,,,,,,,,,,INDIA.STATEUTTARPRADESHDISTRICT-WI,..,..,..,..,..,..,..,..,..,..,..,..,,,,,,,,..,,,,,,
,1999-00,,,,,,,,,,,,,,INDIA.STATEUTTARPRADESHDISTRICT-WI,..,..,..,..,..,..,..,..,..,..,..,..,,,,,,,,..,,,,,,
,2000-01,,,,,,,,,,,,,,INDIA.STATEUTTARPRADESHDISTRICT-WI,..,..,..,..,..,..,..,..,..,..,..,..,,,,,,,,..,,,,,,
JYOTIBAFUL,1998-99,,,,,,,,,,,,,,INDIA.STATEUTTARPRADESHDISTRICT-WI,..,..,..,..,..,..,..,..,..,..,..,..,,,,,,,,..,,,,,,
,NAGAR,,,,,,,,,,,,,,INDIA.STATEUTTARPRADESHDISTRICT-WI,1998-99,..,..,..,..,..,..,..,..,..,..,..,,,,,,,,..,,,,,,
,2000-01,,,,,,,,,,,,,,INDIA.STATEUTTARPRADESHDISTRICT-WI,..,..,..,..,..,..,..,..,..,..,..,..,,,,,,,,..,,,,,,
KANNOJ,1998-99,,,,,,,,,,,,,,INDIA.STATEUTTARPRADESHDISTRICT-WI,1323,2432,..,..,..,..,..,..,..,..,..,..,,,,,,,,..,,,,,,
,1999-00,,,,,,,,,,,,,,INDIA.STATEUTTARPRADESHDISTRICT-WI,..,1906,..,..,..,..,..,..,..,..,..,..,,,,,,,,..,,,,,,
,2000-01,,,,,,,,,,,,,,INDIA.STATEUTTARPRADESHDISTRICT-WI,..,..,..,..,..,..,..,..,..,..,..,..,,,,,,,,..,,,,,,
MHOBA,1998-99,,,,,,,,,,,,,,INDIA.STATEUTTARPRADESHDISTRICT-WI,..,..,..,..,..,..,..,..,..,..,..,..,,,,,,,,..,,,,,,
,1999-00,,,,,,,,,,,,,,INDIA.STATEUTTARPRADESHDISTRICT-WI,1093,..,1343,..,..,..,..,..,..,..,..,..,,,,,,,,..,,,,,,
,2000-01,,,,,,,,,,,,,,INDIA.STATEUTTARPRADESHDISTRICT-WI,1253,..,1364,..,..,..,..,..,..,..,..,..,,,,,,,,..,,,,,,
SANTRAVIDAS,1998-99,,,,,,,,,,,,,,INDIA.STATEUTTARPRADESHDISTRICT-WI,..,..,..,..,..,..,..,..,..,..,..,..,,,,,,,,..,,,,,,
,NAGAR,,,,,,,,,,,,,,INDIA.STATEUTTARPRADESHDISTRICT-WI,1999-00,..,..,..,..,..,..,..,..,..,..,..,,,,,,,,..,,,,,,
,2000-01,,,,,,,,,,,,,,INDIA.STATEUTTARPRADESHDISTRICT-WI,..,..,..,..,..,..,..,..,..,..,..,..,,,,,,,,..,,,,,,
SANTKABIR NAGAR,1998-99,,,,,,,,,,,,,,INDIA.STATEUTTARPRADESHDISTRICT-WI,..,..,1335,..,..,..,..,..,..,..,..,..,,,,,,,,..,,,,,,
,1999-00,,,,,,,,,,,,,,INDIA.STATEUTTARPRADESHDISTRICT-WI,..,..,..,..,..,..,..,..,..,..,..,..,,,,,,,,..,,,,,,
,2000-01,,,,,,,,,,,,,,INDIA.STATEUTTARPRADESHDISTRICT-WI,..,..,..,..,..,..,..,..,..,..,..,..,,,,,,,,..,,,,,,
BALRAMPUR,1998-99,,,,,,,,,,,,,,INDIA.STATEUTTARPRADESHDISTRICT-WI,1253,..,1175,..,..,..,..,..,..,..,..,..,,,,,,,,..,,,,,,
,1999-00,,,,,,,,,,,,,,INDIA.STATEUTTARPRADESHDISTRICT-WI,1044,..,1200,..,..,..,..,..,..,..,..,..,,,,,,,,..,,,,,,
,2000-01,,,,,,,,,,,,,,INDIA.STATEUTTARPRADESHDISTRICT-WI,1063,..,1138,..,..,..,1000,..,..,..,..,..,,,,,,,,..,,,,,,
UDAMSINGH NAGAR,1998-99,,,,,,,,,,,,,,INDIA.STATEUTTARPRADESHDISTRICT-WI,1442,..,..,..,..,..,..,..,..,..,..,..,,,,,,,,..,,,,,,
,1999-00,,,,,,,,,,,,,,INDIA.STATEUTTARPRADESHDISTRICT-WI,..,..,..,..,..,..,..,..,..,..,..,..,,,,,,,,..,,,,,,
,2000-01,,,,,,,,,,,,,,INDIA.STATEUTTARPRADESHDISTRICT-WI,..,..,..,..,..,..,..,..,..,..,..,..,,,,,,,,..,,,,,,
MAHAMAYANAGAR,1998-99,,,,,,,,,,,,,,INDIA.STATEUTTARPRADESHDISTRICT-WI,..,..,..,..,..,..,..,..,..,..,..,..,,,,,,,,..,,,,,,
,1999-00,,,,,,,,,,,,,,INDIA.STATEUTTARPRADESHDISTRICT-WI,..,..,..,..,..,..,..,..,..,..,..,..,,,,,,,,..,,,,,,
,2000-01,,,,,,,,,,,,,,INDIA.STATEUTTARPRADESHDISTRICT-WI,1112,..,..,..,..,1188,1727,..,..,..,..,..,,,,,,,,..,,,,,,
AMBEDKARNAGAR,1998-99,,,,,,,,,,,,,,INDIA.STATEUTTARPRADESHDISTRICT-WI,..,..,..,..,..,..,..,..,..,..,..,..,,,,,,,,..,,,,,,
,1999-00,,,,,,,,,,,,,,INDIA.STATEUTTARPRADESHDISTRICT-WI,..,..,..,..,..,..,..,..,..,..,..,..,,,,,,,,..,,,,,,
,2000-01,,,,,,,,,,,,,,INDIA.STATEUTTARPRADESHDISTRICT-WI,..,..,..,..,..,..,780,..,..,..,..,..,,,,,,,,..,,,,,,
KUSHINAGAR,1998-99,,,,,,,,,,,,,,INDIA.STATEUTTARPRADESHDISTRICT-WI,..,..,..,..,..,..,..,..,..,..,..,..,,,,,,,,..,,,,,,
,1999-00,,,,,,,,,,,,,,INDIA.STATEUTTARPRADESHDISTRICT-WI,..,..,..,..,..,..,..,..,..,..,..,..,,,,,,,,..,,,,,,
,2000-01,,,,,,,,,,,,,,INDIA.STATEUTTARPRADESHDISTRICT-WI,1185,..,..,..,..,..,2000,2300,..,..,..,..,,,,,,,,..,,,,,,
CHITRAKOOT,1998-99,,,,,,,,,,,,,,INDIA.STATEUTTARPRADESHDISTRICT-WI,..,..,..,..,..,..,..,..,..,..,..,..,,,,,,,,..,,,,,,
,1999-00,,,,,,,,,,,,,,INDIA.STATEUTTARPRADESHDISTRICT-WI,..,..,..,..,..,..,..,..,..,..,..,..,,,,,,,,..,,,,,,
,2000-01,,,,,,,,,,,,,,INDIA.STATEUTTARPRADESHDISTRICT-WI,1192,1699,1249,..,..,..,..,965,..,..,..,..,,,,,,,,..,,,,,,
AURAIYA,1998-99,,,,,,,,,,,,,,INDIA.STATEUTTARPRADESHDISTRICT-WI,..,..,..,..,..,..,..,..,..,..,..,..,,,,,,,,..,,,,,,
,1999-00,,,,,,,,,,,,,,INDIA.STATEUTTARPRADESHDISTRICT-WI,..,..,..,..,..,..,..,..,..,..,..,..,,,,,,,,..,,,,,,
,2000-01,,,,,,,,,,,,,,INDIA.STATEUTTARPRADESHDISTRICT-WI,1176,..,..,..,..,..,..,..,..,..,..,..,,,,,,,,..,,,,,,
UTTAR PRADESH,1998-99,,,,,,,,,,,,,,INDIA.STATEUTTARPRADESHDISTRICT-WI,1334,2060,1433,..,..,2361,1448,..,..,..,..,..,,,,,,,,897,,,,,,
(s.w.Average),1999-00,,,,,,,,,,,,,,INDIA.STATEUTTARPRADESHDISTRICT-WI,1098,1878,1232,..,..,1704,1220,..,..,..,..,..,,,,,,,,..,,,,,,
,2000-01,,,,,,,,,,,,,,INDIA.STATEUTTARPRADESHDISTRICT-WI,1115,1614,1248,..,..,1333,1727,1445,..,..,..,..,,,,,,,,831,,,,,,
DARJEELING,1998-99,..,,..,..,..,550,550,..,..,..,425,..,..,INDIA.STATEWESTBENGALDISTRICT-WISE,,,,,,,,,,,,,,,,,..,,,,,,,,,
,1999-00,405,,..,..,..,450,430,..,..,..,443,..,..,INDIA.STATEWESTBENGALDISTRICT-WISE,,,,,,,,,,,,,,,,,650,,,,,,,,,
,2000-01,500,,..,..,..,700,700,..,..,..,410,..,..,INDIA.STATEWESTBENGALDISTRICT-WISE,,,,,,,,,,,,,,,,,763,,,,,,,,,
JALPAIGURI,1998-99,740Wt,,..,..,..,582,..,1450,..,1297,282,..,..,INDIA.STATEWESTBENGALDISTRICT-WISE,,,,,,,,,,,,,,,,,1144,,,,,,,,,
,,687At,,..,..,..,..,..,..,..,..,..,..,..,INDIA.STATEWESTBENGALDISTRICT-WISE,,,,,,,,,,,,,,,,,1013,,,,,,,,,
,1999-00,650Wt,,..,..,..,..,..,1431,..,1052,296,..,..,INDIA.STATEWESTBENGALDISTRICT-WISE,,,,,,,,,,,,,,,,,1128,,,,,,,,,
,,637At,,..,..,..,..,..,..,..,..,..,..,..,INDIA.STATEWESTBENGALDISTRICT-WISE,,,,,,,,,,,,,,,,,1051,,,,,,,,,
,2000-01,550,,..,..,..,567,600,1163,..,1573,260,..,..,INDIA.STATEWESTBENGALDISTRICT-WISE,,,,,,,,,,,,,,,,,954,,,,,,,,,
,,463,,..,..,..,..,..,..,..,..,..,..,..,INDIA.STATEWESTBENGALDISTRICT-WISE,,,,,,,,,,,,,,,,,923,,,,,,,,,
COOCH-BEHAR,1998-99,745Wt,,..,..,..,612,608,..,..,1168,267,..,..,INDIA.STATEWESTBENGALDISTRICT-WISE,,,,,,,,,,,,,,,,,1131,,,,,,,,,
,,638At,,..,..,..,..,..,..,..,..,..,..,..,INDIA.STATEWESTBENGALDISTRICT-WISE,,,,,,,,,,,,,,,,,1015,,,,,,,,,
,1999-00,665Wt,,..,..,..,574,..,..,..,1463,264,..,..,INDIA.STATEWESTBENGALDISTRICT-WISE,,,,,,,,,,,,,,,,,1111,,,,,,,,,
,,500,,..,..,..,..,..,..,..,..,..,..,..,INDIA.STATEWESTBENGALDISTRICT-WISE,,,,,,,,,,,,,,,,,893,,,,,,,,,
,2000-01,479,,..,..,..,437,..,..,..,..,241,..,..,INDIA.STATEWESTBENGALDISTRICT-WISE,,,,,,,,,,,,,,,,,952,,,,,,,,,
,,425,,..,..,..,..,..,..,..,..,..,..,..,INDIA.STATEWESTBENGALDISTRICT-WISE,,,,,,,,,,,,,,,,,723,,,,,,,,,
WEST-DINAJPUR,1998-99,628Wt,,..,..,..,603,538,1482,..,1344,306,..,..,INDIA.STATEWESTBENGALDISTRICT-WISE,,,,,,,,,,,,,,,,,1046,,,,,,,,,
,,596,,..,..,..,..,..,..,..,..,..,..,..,INDIA.STATEWESTBENGALDISTRICT-WISE,,,,,,,,,,,,,,,,,951,,,,,,,,,
,1999-00,520,,..,..,..,632,546,1329,..,1324,325,..,..,INDIA.STATEWESTBENGALDISTRICT-WISE,,,,,,,,,,,,,,,,,907,,,,,,,,,
,,532,,..,..,..,..,..,..,..,..,..,..,..,INDIA.STATEWESTBENGALDISTRICT-WISE,,,,,,,,,,,,,,,,,917,,,,,,,,,
,2000-01,..,,..,..,..,..,..,..,..,..,..,..,..,INDIA.STATEWESTBENGALDISTRICT-WISE,,,,,,,,,,,,,,,,,..,,,,,,,,,
NORTH-DINAJPUR,1998-99,..,,..,..,..,..,..,..,..,..,..,..,..,INDIA.STATEWESTBENGALDISTRICT-WISE,,,,,,,,,,,,,,,,,..,,,,,,,,,
,1999-00,..,,..,..,..,..,..,..,..,..,..,..,..,INDIA.STATEWESTBENGALDISTRICT-WISE,,,,,,,,,,,,,,,,,..,,,,,,,,,
,2000-01,435,,..,..,..,..,..,..,..,..,..,..,..,INDIA.STATEWESTBENGALDISTRICT-WISE,,,,,,,,,,,,,,,,,749,,,,,,,,,
,,363,,..,..,..,..,..,..,..,..,..,..,..,INDIA.STATEWESTBENGALDISTRICT-WISE,,,,,,,,,,,,,,,,,600,,,,,,,,,
SOUTH-DINAJPUR,1998-99,..,,..,..,..,..,..,..,..,..,..,..,..,INDIA.STATEWESTBENGALDISTRICT-WISE,,,,,,,,,,,,,,,,,..,,,,,,,,,
,1999-00,..,,..,..,..,..,..,..,..,..,..,..,..,INDIA.STATEWESTBENGALDISTRICT-WISE,,,,,,,,,,,,,,,,,..,,,,,,,,,
,2000-01,444,,..,..,..,545,512,1461,..,1334,247,..,..,INDIA.STATEWESTBENGALDISTRICT-WISE,,,,,,,,,,,,,,,,,733,,,,,,,,,
,,387,,..,..,..,..,..,..,..,..,..,..,..,INDIA.STATEWESTBENGALDISTRICT-WISE,,,,,,,,,,,,,,,,,774,,,,,,,,,
MALDAH,1998-99,777Wt,,..,..,..,633,610,1518,..,1362,331,..,..,INDIA.STATEWESTBENGALDISTRICT-WISE,,,,,,,,,,,,,,,,,1080,,,,,,,,,
,1999-00,530,,..,..,..,662,652,1409,..,1358,249,..,..,INDIA.STATEWESTBENGALDISTRICT-WISE,,,,,,,,,,,,,,,,,944,,,,,,,,,
,,564,,..,..,..,..,..,..,..,..,..,..,..,INDIA.STATEWESTBENGALDISTRICT-WISE,,,,,,,,,,,,,,,,,964,,,,,,,,,
,2000-01,488,,..,..,..,572,614,1765,..,1303,270,..,..,INDIA.STATEWESTBENGALDISTRICT-WISE,,,,,,,,,,,,,,,,,863,,,,,,,,,
,,393,,..,..,..,..,..,..,..,..,..,..,..,INDIA.STATEWESTBENGALDISTRICT-WISE,,,,,,,,,,,,,,,,,724,,,,,,,,,
MURRSHIDABAD,1998-99,665Wt,,..,..,..,680,595,1383,..,1292,266,..,..,INDIA.STATEWESTBENGALDISTRICT-WISE,,,,,,,,,,,,,,,,,1064,,,,,,,,,
,,659At,,..,..,..,..,..,..,..,..,..,..,..,INDIA.STATEWESTBENGALDISTRICT-WISE,,,,,,,,,,,,,,,,,1043,,,,,,,,,
,1999-00,534,,..,..,..,698,645,1445,..,1281,296,..,..,INDIA.STATEWESTBENGALDISTRICT-WISE,,,,,,,,,,,,,,,,,940,,,,,,,,,
,,569,,..,..,..,..,..,..,..,..,..,..,..,INDIA.STATEWESTBENGALDISTRICT-WISE,,,,,,,,,,,,,,,,,956,,,,,,,,,
,2000-01,449,,..,..,..,588,648,1694,..,1281,238,..,..,INDIA.STATEWESTBENGALDISTRICT-WISE,,,,,,,,,,,,,,,,,897,,,,,,,,,
,,403,,..,..,..,..,..,..,..,..,..,..,..,INDIA.STATEWESTBENGALDISTRICT-WISE,,,,,,,,,,,,,,,,,778,,,,,,,,,
NADIA,1998-99,729Wt,,..,..,..,613,..,1381,..,1194,291,..,..,INDIA.STATEWESTBENGALDISTRICT-WISE,,,,,,,,,,,,,,,,,1122,,,,,,,,,
,,649At,,..,..,..,..,..,..,..,..,..,..,..,INDIA.STATEWESTBENGALDISTRICT-WISE,,,,,,,,,,,,,,,,,1050,,,,,,,,,
,1999-00,608,,..,..,..,709,..,1365,..,1278,263,..,..,INDIA.STATEWESTBENGALDISTRICT-WISE,,,,,,,,,,,,,,,,,969,,,,,,,,,
,,570,,..,..,..,..,..,..,..,..,..,..,..,INDIA.STATEWESTBENGALDISTRICT-WISE,,,,,,,,,,,,,,,,,941,,,,,,,,,
,2000-01,572Wt,,..,..,..,646,700,1328,..,1274,267,..,..,INDIA.STATEWESTBENGALDISTRICT-WISE,,,,,,,,,,,,,,,,,1069,,,,,,,,,
,,552At,,..,..,..,..,..,..,..,..,..,..,..,INDIA.STATEWESTBENGALDISTRICT-WISE,,,,,,,,,,,,,,,,,1008,,,,,,,,,
N-24PARGANAS,1998-99,711Wt,,..,..,..,737,..,1625,..,1487,298,..,..,INDIA.STATEWESTBENGALDISTRICT-WISE,,,,,,,,,,,,,,,,,1079,,,,,,,,,
,,699At,,..,..,..,..,..,..,..,..,..,..,..,INDIA.STATEWESTBENGALDISTRICT-WISE,,,,,,,,,,,,,,,,,1019,,,,,,,,,
,1999-00,629,,..,..,..,785,..,1425,..,..,276,..,..,INDIA.STATEWESTBENGALDISTRICT-WISE,,,,,,,,,,,,,,,,,952,,,,,,,,,
,,572,,..,..,..,..,..,..,..,..,..,..,..,INDIA.STATEWESTBENGALDISTRICT-WISE,,,,,,,,,,,,,,,,,974,,,,,,,,,
,2000-01,488,,..,..,..,737,..,1325,..,1100,262,..,..,INDIA.STATEWESTBENGALDISTRICT-WISE,,,,,,,,,,,,,,,,,906,,,,,,,,,
,,502,,..,..,..,..,..,..,..,..,..,..,..,INDIA.STATEWESTBENGALDISTRICT-WISE,,,,,,,,,,,,,,,,,895,,,,,,,,,
S-24PARGANAS,1998-99,717Wt,,..,..,..,..,..,1657,..,..,285,..,..,INDIA.STATEWESTBENGALDISTRICT-WISE,,,,,,,,,,,,,,,,,1176,,,,,,,,,
,,618At,,..,..,..,..,..,..,..,..,..,..,..,INDIA.STATEWESTBENGALDISTRICT-WISE,,,,,,,,,,,,,,,,,1000,,,,,,,,,
,1999-00,657,,..,..,..,800,..,..,..,..,282,..,..,INDIA.STATEWESTBENGALDISTRICT-WISE,,,,,,,,,,,,,,,,,951,,,,,,,,,
,,618,,..,..,..,..,..,..,..,..,..,..,..,INDIA.STATEWESTBENGALDISTRICT-WISE,,,,,,,,,,,,,,,,,981,,,,,,,,,
,2000-01,579,,..,..,..,675,..,..,..,..,253,..,..,INDIA.STATEWESTBENGALDISTRICT-WISE,,,,,,,,,,,,,,,,,977,,,,,,,,,
,,474,,..,..,..,..,..,..,..,..,..,..,..,INDIA.STATEWESTBENGALDISTRICT-WISE,,,,,,,,,,,,,,,,,900,,,,,,,,,
HOWRAH,1998-99,742Wt,,..,..,..,778,..,..,..,1359,286,..,..,INDIA.STATEWESTBENGALDISTRICT-WISE,,,,,,,,,,,,,,,,,1155,,,,,,,,,
,,644At,,..,..,..,..,..,..,..,..,..,..,..,INDIA.STATEWESTBENGALDISTRICT-WISE,,,,,,,,,,,,,,,,,1012,,,,,,,,,
,1999-00,641,,..,..,..,800,..,..,..,1107,267,..,..,INDIA.STATEWESTBENGALDISTRICT-WISE,,,,,,,,,,,,,,,,,956,,,,,,,,,
,,563,,..,..,..,..,..,..,..,..,..,..,..,INDIA.STATEWESTBENGALDISTRICT-WISE,,,,,,,,,,,,,,,,,955,,,,,,,,,
,2000-01,460,,..,..,..,..,..,..,..,1016,273,..,..,INDIA.STATEWESTBENGALDISTRICT-WISE,,,,,,,,,,,,,,,,,905,,,,,,,,,
,,473,,..,..,..,..,..,..,..,..,..,..,..,INDIA.STATEWESTBENGALDISTRICT-WISE,,,,,,,,,,,,,,,,,850,,,,,,,,,
HOOGHLY,1998-99,693Wt,,..,..,..,751,..,..,..,1346,226,..,..,INDIA.STATEWESTBENGALDISTRICT-WISE,,,,,,,,,,,,,,,,,1062,,,,,,,,,
,,686At,,..,..,..,..,..,..,..,..,..,..,..,INDIA.STATEWESTBENGALDISTRICT-WISE,,,,,,,,,,,,,,,,,1005,,,,,,,,,
,1999-00,543,,..,..,..,729,..,1000,..,1000,217,..,..,INDIA.STATEWESTBENGALDISTRICT-WISE,,,,,,,,,,,,,,,,,903,,,,,,,,,
,,499,,..,..,..,..,..,..,..,..,..,..,..,INDIA.STATEWESTBENGALDISTRICT-WISE,,,,,,,,,,,,,,,,,900,,,,,,,,,
,2000-01,422,,..,..,..,790,..,..,..,..,215,..,..,INDIA.STATEWESTBENGALDISTRICT-WISE,,,,,,,,,,,,,,,,,695,,,,,,,,,
,,511,,..,..,..,..,..,..,..,..,..,..,..,INDIA.STATEWESTBENGALDISTRICT-WISE,,,,,,,,,,,,,,,,,830,,,,,,,,,
BURDWAN,1998-99,668Wt,,..,..,..,764,713,1576,..,1203,266,..,..,INDIA.STATEWESTBENGALDISTRICT-WISE,,,,,,,,,,,,,,,,,1038,,,,,,,,,
,,607,,..,..,..,..,..,..,..,..,..,..,..,INDIA.STATEWESTBENGALDISTRICT-WISE,,,,,,,,,,,,,,,,,994,,,,,,,,,
,1999-00,502,,..,..,..,732,..,..,..,1073,218,..,..,INDIA.STATEWESTBENGALDISTRICT-WISE,,,,,,,,,,,,,,,,,909,,,,,,,,,
,,532,,..,..,..,..,..,..,..,..,..,..,..,INDIA.STATEWESTBENGALDISTRICT-WISE,,,,,,,,,,,,,,,,,959,,,,,,,,,
,2000-01,408,,..,..,..,704,..,1947,..,1185,219,..,..,INDIA.STATEWESTBENGALDISTRICT-WISE,,,,,,,,,,,,,,,,,866,,,,,,,,,
,,420,,..,..,..,..,..,..,..,..,..,..,..,INDIA.STATEWESTBENGALDISTRICT-WISE,,,,,,,,,,,,,,,,,903,,,,,,,,,
BIRBHUM,1998-99,648,,..,..,..,631,..,1416,..,1187,238,..,..,INDIA.STATEWESTBENGALDISTRICT-WISE,,,,,,,,,,,,,,,,,994,,,,,,,,,
,,638,,..,..,..,..,..,..,..,..,..,..,..,INDIA.STATEWESTBENGALDISTRICT-WISE,,,,,,,,,,,,,,,,,958,,,,,,,,,
,1999-00,474,,..,..,..,656,..,1400,..,1210,231,..,..,INDIA.STATEWESTBENGALDISTRICT-WISE,,,,,,,,,,,,,,,,,819,,,,,,,,,
,,459,,..,..,..,..,..,..,..,..,..,..,..,INDIA.STATEWESTBENGALDISTRICT-WISE,,,,,,,,,,,,,,,,,800,,,,,,,,,
,2000-01,408,,..,..,..,704,..,1947,..,1185,219,..,..,INDIA.STATEWESTBENGALDISTRICT-WISE,,,,,,,,,,,,,,,,,866,,,,,,,,,
,,420,,..,..,..,..,..,..,..,..,..,..,..,INDIA.STATEWESTBENGALDISTRICT-WISE,,,,,,,,,,,,,,,,,903,,,,,,,,,
BANKURA,1998-99,658Wt,,..,..,..,778,800,1650,..,1400,289,..,..,INDIA.STATEWESTBENGALDISTRICT-WISE,,,,,,,,,,,,,,,,,1027,,,,,,,,,
,,566,,..,..,..,..,..,..,..,..,..,..,..,INDIA.STATEWESTBENGALDISTRICT-WISE,,,,,,,,,,,,,,,,,950,,,,,,,,,
,1999-00,487,,..,..,..,749,..,1511,..,1350,213,..,..,INDIA.STATEWESTBENGALDISTRICT-WISE,,,,,,,,,,,,,,,,,838,,,,,,,,,
,,439,,..,..,..,..,..,..,..,..,..,..,..,INDIA.STATEWESTBENGALDISTRICT-WISE,,,,,,,,,,,,,,,,,828,,,,,,,,,
,2000-01,436,,..,..,..,541,..,1561,..,1302,238,..,..,INDIA.STATEWESTBENGALDISTRICT-WISE,,,,,,,,,,,,,,,,,793,,,,,,,,,
,,397,,..,..,..,..,..,..,..,..,..,..,..,INDIA.STATEWESTBENGALDISTRICT-WISE,,,,,,,,,,,,,,,,,758,,,,,,,,,
PURULIA,1998-99,725Wt,,..,..,..,800,..,1600,..,1440,300,..,..,INDIA.STATEWESTBENGALDISTRICT-WISE,,,,,,,,,,,,,,,,,1080,,,,,,,,,
,1999-00,480,,..,..,..,817,..,..,..,1332,350,..,..,INDIA.STATEWESTBENGALDISTRICT-WISE,,,,,,,,,,,,,,,,,809,,,,,,,,,
,2000-01,416,,..,..,..,696,..,1522,..,1333,209,..,..,INDIA.STATEWESTBENGALDISTRICT-WISE,,,,,,,,,,,,,,,,,825,,,,,,,,,
,,346,,..,..,..,..,..,..,..,..,..,..,..,INDIA.STATEWESTBENGALDISTRICT-WISE,,,,,,,,,,,,,,,,,699,,,,,,,,,
MIDNAPUR(WEST),1998-99,658,,..,..,..,751,..,1701,..,1297,300,..,..,INDIA.STATEWESTBENGALDISTRICT-WISE,,,,,,,,,,,,,,,,,998,,,,,,,,,
,,593,,..,..,..,..,..,..,..,..,..,..,..,INDIA.STATEWESTBENGALDISTRICT-WISE,,,,,,,,,,,,,,,,,899,,,,,,,,,
,1999-00,518,,..,..,..,803,..,1528,..,1168,265,..,..,INDIA.STATEWESTBENGALDISTRICT-WISE,,,,,,,,,,,,,,,,,908,,,,,,,,,
,,490,,..,..,..,..,..,..,..,..,..,..,..,INDIA.STATEWESTBENGALDISTRICT-WISE,,,,,,,,,,,,,,,,,909,,,,,,,,,
,2000-01,457,,..,..,..,814,..,1975,..,1100,325,..,..,INDIA.STATEWESTBENGALDISTRICT-WISE,,,,,,,,,,,,,,,,,833,,,,,,,,,
,,400,,..,..,..,..,..,..,..,..,..,..,..,INDIA.STATEWESTBENGALDISTRICT-WISE,,,,,,,,,,,,,,,,,867,,,,,,,,,
MIDNAPUR(EAST),1998-99,713Wt,,..,..,..,783,..,1780,..,1408,338,..,..,INDIA.STATEWESTBENGALDISTRICT-WISE,,,,,,,,,,,,,,,,,1066,,,,,,,,,
,,628,,..,..,..,..,..,..,..,..,..,..,..,INDIA.STATEWESTBENGALDISTRICT-WISE,,,,,,,,,,,,,,,,,924,,,,,,,,,
,1999-00,656Wt,,..,..,..,800,..,..,..,1246,262,..,..,INDIA.STATEWESTBENGALDISTRICT-WISE,,,,,,,,,,,,,,,,,1043,,,,,,,,,
,,592,,..,..,..,..,..,..,..,..,..,..,..,INDIA.STATEWESTBENGALDISTRICT-WISE,,,,,,,,,,,,,,,,,943,,,,,,,,,
,2000-01,512,,..,..,..,900,..,2400,..,1049,254,..,..,INDIA.STATEWESTBENGALDISTRICT-WISE,,,,,,,,,,,,,,,,,851,,,,,,,,,
,,438,,..,..,..,..,..,..,..,..,..,..,..,INDIA.STATEWESTBENGALDISTRICT-WISE,,,,,,,,,,,,,,,,,755,,,,,,,,,
WEST BENGAL,1998-99,683Wt,,..,..,..,652,606,1427,..,1313,274,..,..,INDIA.STATEWESTBENGALDISTRICT-WISE,,,,,,,,,,,,,,,,,1057,,,,,,,,,
(S.W.Average),,634,,..,..,..,..,..,..,..,..,..,..,..,INDIA.STATEWESTBENGALDISTRICT-WISE,,,,,,,,,,,,,,,,,994,,,,,,,,,
,1999-00,549,,..,..,..,682,649,1407,..,1259,245,..,..,INDIA.STATEWESTBENGALDISTRICT-WISE,,,,,,,,,,,,,,,,,920,,,,,,,,,
,,543,,..,..,..,..,..,..,..,..,..,..,..,INDIA.STATEWESTBENGALDISTRICT-WISE,,,,,,,,,,,,,,,,,936,,,,,,,,,
,2000-01,462,,..,..,..,595,625,1575,..,1273,237,..,..,INDIA.STATEWESTBENGALDISTRICT-WISE,,,,,,,,,,,,,,,,,848,,,,,,,,,
,,438,,..,..,..,..,..,..,..,..,..,..,..,INDIA.STATEWESTBENGALDISTRICT-WISE,,,,,,,,,,,,,,,,,823,,,,,,,,,
MORIGAON,1998-99,,,,,,,,,,,,,,INDIA.STATEASSAMDISTRICT-WISE(Conc,..,..,..,..,..,..,..,..,..,..,,,..,,,,,850,..,,,,,,,
,1999-00,,,,,,,,,,,,,,INDIA.STATEASSAMDISTRICT-WISE(Conc,1085,..,..,..,..,..,717,..,..,..,,,..,,,,,1100,..,,,,,,,
,2000-01,,,,,,,,,,,,,,INDIA.STATEASSAMDISTRICT-WISE(Conc,1250,..,..,..,..,..,760,..,..,..,,,..,,,,,870,..,,,,,,,
NALBARI,1998-99,,,,,,,,,,,,,,INDIA.STATEASSAMDISTRICT-WISE(Conc,..,..,..,..,..,..,..,..,..,..,,,..,,,,,..,..,,,,,,,
,1999-01,,,,,,,,,,,,,,INDIA.STATEASSAMDISTRICT-WISE(Conc,..,..,..,..,..,..,..,..,..,..,,,..,,,,,..,..,,,,,,,
,2000-01,,,,,,,,,,,,,,INDIA.STATEASSAMDISTRICT-WISE(Conc,1976,..,..,..,..,..,978,..,..,..,,,..,,,,,1527,..,,,,,,,
JORHAT,1998-99,,,,,,,,,,,,,,INDIA.STATEASSAMDISTRICT-WISE(Conc,986,..,..,..,..,..,..,..,..,..,,,..,,,,,1640,..,,,,,,,
,1999-00,,,,,,,,,,,,,,INDIA.STATEASSAMDISTRICT-WISE(Conc,..,3700,..,..,..,..,..,..,..,..,,,..,,,,,1750,..,,,,,,,
,1998-99,,,,,,,,,,,,,,INDIA.STATEASSAMDISTRICT-WISE(Conc,..,..,..,..,..,..,..,..,..,..,,,..,,,,,1500,..,,,,,,,
GOLAGHAT,1998-99,,,,,,,,,,,,,,INDIA.STATEASSAMDISTRICT-WISE(Conc,..,..,..,..,..,..,..,..,..,..,,,..,,,,,..,..,,,,,,,
,1999-00,,,,,,,,,,,,,,INDIA.STATEASSAMDISTRICT-WISE(Conc,..,..,..,..,..,..,..,..,..,..,,,..,,,,,..,..,,,,,,,
,2000-01,,,,,,,,,,,,,,INDIA.STATEASSAMDISTRICT-WISE(Conc,..,..,..,..,..,..,..,..,..,..,,,..,,,,,1241,..,,,,,,,
DHUBRI,1998-99,,,,,,,,,,,,,,INDIA.STATEASSAMDISTRICT-WISE(Conc,1258,1353,..,..,..,..,..,..,..,..,,,..,,,,,1197,..,,,,,,,
,1999-00,,,,,,,,,,,,,,INDIA.STATEASSAMDISTRICT-WISE(Conc,..,1500,..,..,..,..,..,..,..,..,,,..,,,,,800,..,,,,,,,
,2000-01,,,,,,,,,,,,,,INDIA.STATEASSAMDISTRICT-WISE(Conc,..,..,..,..,..,..,729,..,..,..,,,..,,,,,1500,..,,,,,,,
DHEMAJI,1998-99,,,,,,,,,,,,,,INDIA.STATEASSAMDISTRICT-WISE(Conc,..,..,..,..,..,..,..,..,..,..,,,..,,,,,..,..,,,,,,,
,1999-00,,,,,,,,,,,,,,INDIA.STATEASSAMDISTRICT-WISE(Conc,900,4000,..,..,..,..,..,..,..,..,,,..,,,,,2688,..,,,,,,,
,2000-01,,,,,,,,,,,,,,INDIA.STATEASSAMDISTRICT-WISE(Conc,905,4000,..,..,..,..,..,..,..,..,,,..,,,,,2136,..,,,,,,,
KARIMGANJ,1998-99,,,,,,,,,,,,,,INDIA.STATEASSAMDISTRICT-WISE(Conc,..,..,..,..,..,..,..,..,..,..,,,..,,,,,..,394,,,,,,,
,1999-00,,,,,,,,,,,,,,INDIA.STATEASSAMDISTRICT-WISE(Conc,..,..,..,..,..,..,..,..,..,..,,,..,,,,,..,..,,,,,,,
,2000-01,,,,,,,,,,,,,,INDIA.STATEASSAMDISTRICT-WISE(Conc,..,..,..,..,..,..,..,..,..,..,,,..,,,,,..,..,,,,,,,
ASSAM(State Weighted,1998-99,,,,,,,,,,,,,,INDIA.STATEASSAMDISTRICT-WISE(Conc,1464,2132,1088,775,..,4554,668,..,..,..,,,572,,,,,1536,581,,,,,,,
Average),1999-00,,,,,,,,,,,,,,INDIA.STATEASSAMDISTRICT-WISE(Conc,1210,2117,2650,2792,..,4250,744,..,..,..,,,620,,,,,1238,511,,,,,,,
,2000-01,,,,,,,,,,,,,,INDIA.STATEASSAMDISTRICT-WISE(Conc,1281,2043,1399,2844,..,4037,704,..,..,..,,,568,,,,,1539,663,,,,,,,
DARJEELING,1998-99,,,,,,,,,,,,,,INDIA.STATEWESTBENGALDISTRICT-WISE,..,..,..,..,..,..,..,..,..,..,..,..,..,,,,,,,,,,,,,
,1999-00,,,,,,,,,,,,,,INDIA.STATEWESTBENGALDISTRICT-WISE,..,..,..,..,..,..,..,..,..,..,..,..,..,,,,,,,,,,,,,
,2000-00,,,,,,,,,,,,,,INDIA.STATEWESTBENGALDISTRICT-WISE,..,..,..,..,..,..,..,..,..,..,..,..,..,,,,,,,,,,,,,
JALPAIGURI,1998-99,,,,,,,,,,,,,,INDIA.STATEWESTBENGALDISTRICT-WISE,1400,..,..,..,..,..,555,..,..,..,..,..,..,,,,,,,,,,,,,
,1999-00,,,,,,,,,,,,,,INDIA.STATEWESTBENGALDISTRICT-WISE,1278,..,..,..,..,..,939,..,..,..,..,..,..,,,,,,,,,,,,,
,2000-01,,,,,,,,,,,,,,INDIA.STATEWESTBENGALDISTRICT-WISE,1232,..,..,..,..,..,851,..,..,..,..,..,..,,,,,,,,,,,,,
COOCH-BEHAR,1998-99,,,,,,,,,,,,,,INDIA.STATEWESTBENGALDISTRICT-WISE,1434,..,..,..,..,..,846,..,..,..,..,..,..,,,,,,,,,,,,,
,1999-00,,,,,,,,,,,,,,INDIA.STATEWESTBENGALDISTRICT-WISE,1441,..,..,..,..,..,962,..,..,..,..,..,..,,,,,,,,,,,,,
,2000-01,,,,,,,,,,,,,,INDIA.STATEWESTBENGALDISTRICT-WISE,1263,..,..,..,..,..,798,..,..,..,..,..,..,,,,,,,,,,,,,
WEST-DINAJPUR,1998-99,,,,,,,,,,,,,,INDIA.STATEWESTBENGALDISTRICT-WISE,1496,..,..,..,..,..,800,..,..,..,..,..,..,,,,,,,,,,,,,
,1999-00,,,,,,,,,,,,,,INDIA.STATEWESTBENGALDISTRICT-WISE,1345,..,..,..,..,..,956,..,..,..,..,..,..,,,,,,,,,,,,,
,2000-01,,,,,,,,,,,,,,INDIA.STATEWESTBENGALDISTRICT-WISE,..,..,..,..,..,..,..,..,..,..,..,..,..,,,,,,,,,,,,,
NORTH-DINAJPUR,1998-99,,,,,,,,,,,,,,INDIA.STATEWESTBENGALDISTRICT-WISE,..,..,..,..,..,..,..,..,..,..,..,..,..,,,,,,,,,,,,,
,1999-00,,,,,,,,,,,,,,INDIA.STATEWESTBENGALDISTRICT-WISE,..,..,..,..,..,..,..,..,..,..,..,..,..,,,,,,,,,,,,,
,2000-01,,,,,,,,,,,,,,INDIA.STATEWESTBENGALDISTRICT-WISE,1214,..,..,..,..,..,812,..,..,..,..,..,..,,,,,,,,,,,,,
SOUTH-DINAJPUR,1998-99,,,,,,,,,,,,,,INDIA.STATEWESTBENGALDISTRICT-WISE,..,..,..,..,..,..,..,..,..,..,..,..,..,,,,,,,,,,,,,
,1999-00,,,,,,,,,,,,,,INDIA.STATEWESTBENGALDISTRICT-WISE,..,..,..,..,..,..,..,..,..,..,..,..,..,,,,,,,,,,,,,
,2000-01,,,,,,,,,,,,,,INDIA.STATEWESTBENGALDISTRICT-WISE,1305,..,..,..,..,..,757,..,..,..,..,..,..,,,,,,,,,,,,,
MALDAH,1998-99,,,,,,,,,,,,,,INDIA.STATEWESTBENGALDISTRICT-WISE,1513,..,..,..,..,..,808,..,..,..,..,..,..,,,,,,,,,,,,,
,1999-00,,,,,,,,,,,,,,INDIA.STATEWESTBENGALDISTRICT-WISE,1367,..,..,..,..,..,845,..,..,..,..,..,..,,,,,,,,,,,,,
,2000-01,,,,,,,,,,,,,,INDIA.STATEWESTBENGALDISTRICT-WISE,1281,..,..,..,..,..,752,..,..,..,..,..,..,,,,,,,,,,,,,
MURRSHIDABAD,1998-99,,,,,,,,,,,,,,INDIA.STATEWESTBENGALDISTRICT-WISE,1679,..,..,..,..,..,713,..,..,..,..,..,..,,,,,,,,,,,,,
,1999-00,,,,,,,,,,,,,,INDIA.STATEWESTBENGALDISTRICT-WISE,1189,..,..,..,..,..,840,..,..,..,..,..,..,,,,,,,,,,,,,
,2000-01,,,,,,,,,,,,,,INDIA.STATEWESTBENGALDISTRICT-WISE,1248,..,..,..,..,..,734,..,..,..,..,..,..,,,,,,,,,,,,,
NADIA,1998-99,,,,,,,,,,,,,,INDIA.STATEWESTBENGALDISTRICT-WISE,1671,..,..,..,..,..,768,..,..,..,..,..,..,,,,,,,,,,,,,
,1999-00,,,,,,,,,,,,,,INDIA.STATEWESTBENGALDISTRICT-WISE,1396,..,..,..,..,..,847,..,..,..,..,..,..,,,,,,,,,,,,,
,2000-01,,,,,,,,,,,,,,INDIA.STATEWESTBENGALDISTRICT-WISE,1240,..,..,..,..,..,778,..,..,..,..,..,..,,,,,,,,,,,,,
N-24PARGANAS,1998-99,,,,,,,,,,,,,,INDIA.STATEWESTBENGALDISTRICT-WISE,1666,..,..,..,..,..,787,..,..,..,..,..,..,,,,,,,,,,,,,
,1999-00,,,,,,,,,,,,,,INDIA.STATEWESTBENGALDISTRICT-WISE,1360,..,..,..,..,. .,889,..,..,..,..,..,..,,,,,,,,,,,,,
,2000-01,,,,,,,,,,,,,,INDIA.STATEWESTBENGALDISTRICT-WISE,1246,..,..,..,..,. .,775,..,..,..,..,..,..,,,,,,,,,,,,,
S-24PARGANAS,1998-99,,,,,,,,,,,,,,INDIA.STATEWESTBENGALDISTRICT-WISE,1746,..,..,..,..,..,850,..,..,..,..,..,..,,,,,,,,,,,,,
,1999-00,,,,,,,,,,,,,,INDIA.STATEWESTBENGALDISTRICT-WISE,1543,..,..,..,..,..,1092,..,..,..,..,..,..,,,,,,,,,,,,,
,2000-01,,,,,,,,,,,,,,INDIA.STATEWESTBENGALDISTRICT-WISE,1733,..,..,..,..,..,1221,..,..,..,..,..,..,,,,,,,,,,,,,
HOWRAH,1998-99,,,,,,,,,,,,,,INDIA.STATEWESTBENGALDISTRICT-WISE,1526,..,..,..,..,..,821,..,..,..,..,..,..,,,,,,,,,,,,,
,1999-00,,,,,,,,,,,,,,INDIA.STATEWESTBENGALDISTRICT-WISE,1413,..,..,..,..,..,824,..,..,..,..,..,..,,,,,,,,,,,,,
,2000-01,,,,,,,,,,,,,,INDIA.STATEWESTBENGALDISTRICT-WISE,1753,..,..,..,..,..,741,..,..,..,..,..,..,,,,,,,,,,,,,
HOOGHLY,1998-99,,,,,,,,,,,,,,INDIA.STATEWESTBENGALDISTRICT-WISE,1624,..,..,..,..,..,817,..,..,..,..,..,..,,,,,,,,,,,,,
,1999-00,,,,,,,,,,,,,,INDIA.STATEWESTBENGALDISTRICT-WISE,1343,..,..,..,..,..,903,..,..,..,..,..,..,,,,,,,,,,,,,
,2000-01,,,,,,,,,,,,,,INDIA.STATEWESTBENGALDISTRICT-WISE,1238,..,..,..,..,..,751,..,..,..,..,..,..,,,,,,,,,,,,,
BURDWAN,1998-99,,,,,,,,,,,,,,INDIA.STATEWESTBENGALDISTRICT-WISE,1623,..,..,..,..,..,824,..,..,..,..,..,..,,,,,,,,,,,,,
,1999-00,,,,,,,,,,,,,,INDIA.STATEWESTBENGALDISTRICT-WISE,..,..,..,..,..,..,881,..,..,..,..,..,..,,,,,,,,,,,,,
,2000-01,,,,,,,,,,,,,,INDIA.STATEWESTBENGALDISTRICT-WISE,1389,..,..,..,..,..,790,..,..,..,..,..,..,,,,,,,,,,,,,
BIRBHUM,1998-99,,,,,,,,,,,,,,INDIA.STATEWESTBENGALDISTRICT-WISE,1547,..,..,..,..,..,..,..,..,..,..,..,..,,,,,,,,,,,,,
,1999-00,,,,,,,,,,,,,,INDIA.STATEWESTBENGALDISTRICT-WISE,1409,..,..,..,..,..,..,..,..,..,..,..,..,,,,,,,,,,,,,
,2000-01,,,,,,,,,,,,,,INDIA.STATEWESTBENGALDISTRICT-WISE,1389,..,..,..,..,..,790,..,..,..,..,..,..,,,,,,,,,,,,,
BANKURA,1998-99,,,,,,,,,,,,,,INDIA.STATEWESTBENGALDISTRICT-WISE,1583,..,..,..,..,..,..,..,..,..,..,..,..,,,,,,,,,,,,,
,1999-00,,,,,,,,,,,,,,INDIA.STATEWESTBENGALDISTRICT-WISE,1398,..,..,..,..,..,798,..,..,..,..,..,..,,,,,,,,,,,,,
,2000-01,,,,,,,,,,,,,,INDIA.STATEWESTBENGALDISTRICT-WISE,1426,..,..,..,..,..,662,..,..,..,..,..,..,,,,,,,,,,,,,
PURULIA,1998-99,,,,,,,,,,,,,,INDIA.STATEWESTBENGALDISTRICT-WISE,1400,..,..,..,..,..,..,..,..,..,..,..,..,,,,,,,,,,,,,
,1999-00,,,,,,,,,,,,,,INDIA.STATEWESTBENGALDISTRICT-WISE,..,..,..,..,..,..,..,..,..,..,..,..,..,,,,,,,,,,,,,
,2000-01,,,,,,,,,,,,,,INDIA.STATEWESTBENGALDISTRICT-WISE,1198,..,..,..,..,..,716,..,..,..,..,..,..,,,,,,,,,,,,,
MIDNAPUR(WEST),1998-99,,,,,,,,,,,,,,INDIA.STATEWESTBENGALDISTRICT-WISE,1777,..,..,..,..,..,775,..,..,..,..,..,..,,,,,,,,,,,,,
,1999-00,,,,,,,,,,,,,,INDIA.STATEWESTBENGALDISTRICT-WISE,1538,..,..,..,..,..,855,..,..,..,..,..,..,,,,,,,,,,,,,
,2000-01,,,,,,,,,,,,,,INDIA.STATEWESTBENGALDISTRICT-WISE,1600,..,..,..,..,..,..,..,..,..,..,..,..,,,,,,,,,,,,,
MIDNAPUR(EAST),1998-99,,,,,,,,,,,,,,INDIA.STATEWESTBENGALDISTRICT-WISE,1842,..,..,..,..,..,788,..,..,..,..,..,..,,,,,,,,,,,,,
,1999-00,,,,,,,,,,,,,,INDIA.STATEWESTBENGALDISTRICT-WISE,1750,..,..,..,..,..,831,..,..,..,..,..,..,,,,,,,,,,,,,
,2000-01,,,,,,,,,,,,,,INDIA.STATEWESTBENGALDISTRICT-WISE,1868,..,..,..,..,..,754,..,..,..,..,..,..,,,,,,,,,,,,,
WEST BENGAL,1998-99,,,,,,,,,,,,,,INDIA.STATEWESTBENGALDISTRICT-WISE,1622,..,..,..,..,..,777,..,..,..,..,..,..,,,,,,,,,,,,,
(S.W.Average),1999-00,,,,,,,,,,,,,,INDIA.STATEWESTBENGALDISTRICT-WISE,1354,..,..,..,..,..,879,..,..,..,..,..,..,,,,,,,,,,,,,
,2000-01,,,,,,,,,,,,,,INDIA.STATEWESTBENGALDISTRICT-WISE,1303,..,..,..,..,..,771,..,..,..,..,..,..,,,,,,,,,,,,,
PATNA,1998-99,510,..,..,398,366,625,531,1217,1488,1003,310,2450,..,INDIA.STATEBIHARDISTRICT-WISE,,,,,,,,,,,,,,,,,,,,,,,,,,
,,380,..,..,..,..,..,..,..,..,..,..,..,..,INDIA.STATEBIHARDISTRICT-WISE,,,,,,,,,,,,,,,,,,,,,,,,,,
,1999-00,483,..,..,457,410,630,510,1220,1482,1022,383,..,..,INDIA.STATEBIHARDISTRICT-WISE,,,,,,,,,,,,,,,,,,,,,,,,,,
,,430,..,..,..,..,..,..,..,..,..,..,..,..,INDIA.STATEBIHARDISTRICT-WISE,,,,,,,,,,,,,,,,,,,,,,,,,,
,2000-01,384,..,..,356,372,515,460,1522,1700,1113,425,..,..,INDIA.STATEBIHARDISTRICT-WISE,,,,,,,,,,,,,,,,,,,,,,,,,,
,,347,..,..,..,..,..,..,..,..,..,..,..,..,INDIA.STATEBIHARDISTRICT-WISE,,,,,,,,,,,,,,,,,,,,,,,,,,
NALANDA,1998-99,429,..,..,393,285,593,495,1033,1369,..,310,..,..,INDIA.STATEBIHARDISTRICT-WISE,,,,,,,,,,,,,,,,,,,,,,,,,,
,,380,..,..,..,..,..,..,..,..,..,..,..,..,INDIA.STATEBIHARDISTRICT-WISE,,,,,,,,,,,,,,,,,,,,,,,,,,
,1999-00,438,..,..,435,317,640,500,1443,1482,913,380,..,..,INDIA.STATEBIHARDISTRICT-WISE,,,,,,,,,,,,,,,,,,,,,,,,,,
,2000-01,329,..,..,419,325,577,460,1522,1472,1000,345,..,..,INDIA.STATEBIHARDISTRICT-WISE,,,,,,,,,,,,,,,,,,,,,,,,,,
BHOJPUR,1998-99,459,..,..,420,366,681,495,1290,1488,1230,340,..,..,INDIA.STATEBIHARDISTRICT-WISE,,,,,,,,,,,,,,,,,,,,,,,,,,
,,380,..,..,..,..,..,..,..,..,..,..,..,..,INDIA.STATEBIHARDISTRICT-WISE,,,,,,,,,,,,,,,,,,,,,,,,,,
,1999-00,394,..,567,..,410,635,500,1568,1567,852,358,..,..,INDIA.STATEBIHARDISTRICT-WISE,,,,,,,,,,,,,,,,,,,,,,,,,,
,,430,..,..,..,..,..,..,..,..,..,..,..,..,INDIA.STATEBIHARDISTRICT-WISE,,,,,,,,,,,,,,,,,,,,,,,,,,
,2000-01,384,..,..,356,372.,525,460,1522,1472,850,365,..,..,INDIA.STATEBIHARDISTRICT-WISE,,,,,,,,,,,,,,,,,,,,,,,,,,
,,408,..,..,..,..,..,..,..,..,..,..,..,..,INDIA.STATEBIHARDISTRICT-WISE,,,,,,,,,,,,,,,,,,,,,,,,,,
ROHTAS,1998-99,438,..,..,398,363,630,620,1285,1360,1030,310,..,..,INDIA.STATEBIHARDISTRICT-WISE,,,,,,,,,,,,,,,,,,,,,,,,,,
,,343,..,..,..,..,..,..,..,..,..,..,..,..,INDIA.STATEBIHARDISTRICT-WISE,,,,,,,,,,,,,,,,,,,,,,,,,,
,1999-00,388,..,567,420,410,605,549,1500,1440,913,358,..,..,INDIA.STATEBIHARDISTRICT-WISE,,,,,,,,,,,,,,,,,,,,,,,,,,
,,351,..,..,..,..,..,..,..,..,..,..,..,..,INDIA.STATEBIHARDISTRICT-WISE,,,,,,,,,,,,,,,,,,,,,,,,,,
,2000-01,384,..,..,447,372,504,340,1522,1472,998,365,..,..,INDIA.STATEBIHARDISTRICT-WISE,,,,,,,,,,,,,,,,,,,,,,,,,,
,,377,..,..,..,..,..,..,..,..,..,..,..,..,INDIA.STATEBIHARDISTRICT-WISE,,,,,,,,,,,,,,,,,,,,,,,,,,
BAKSAR,1998-99,459,..,..,398,366,641,495,1290,1488,1230,340,..,..,INDIA.STATEBIHARDISTRICT-WISE,,,,,,,,,,,,,,,,,,,,,,,,,,
,,380,..,..,..,..,..,..,..,..,..,..,..,..,INDIA.STATEBIHARDISTRICT-WISE,,,,,,,,,,,,,,,,,,,,,,,,,,
,1999-00,380,..,567,410,410,586,500,1351,1482,913,358,..,..,INDIA.STATEBIHARDISTRICT-WISE,,,,,,,,,,,,,,,,,,,,,,,,,,
,2000-01,410,..,..,356,372,517,460,1522,1463,975,365,..,..,INDIA.STATEBIHARDISTRICT-WISE,,,,,,,,,,,,,,,,,,,,,,,,,,
GAYA,1998-99,402,..,..,380,420,514,278,1311,1456,987,310,..,..,INDIA.STATEBIHARDISTRICT-WISE(Cont,,,,,,,,,,,,,,,,,,,,,,,,,,
,,380,..,..,..,..,..,..,..,..,..,..,..,..,INDIA.STATEBIHARDISTRICT-WISE(Cont,,,,,,,,,,,,,,,,,,,,,,,,,,
,1999-00,424,..,567,457,408,531,500,1342,1448,913,392,..,..,INDIA.STATEBIHARDISTRICT-WISE(Cont,,,,,,,,,,,,,,,,,,,,,,,,,,
,,314,..,..,..,..,..,..,..,..,..,..,..,..,INDIA.STATEBIHARDISTRICT-WISE(Cont,,,,,,,,,,,,,,,,,,,,,,,,,,
,2000-01,328,..,..,356,397,541,334,1568,1550,1056,406,..,..,INDIA.STATEBIHARDISTRICT-WISE(Cont,,,,,,,,,,,,,,,,,,,,,,,,,,
,,318,..,..,..,..,..,..,..,..,..,..,..,..,INDIA.STATEBIHARDISTRICT-WISE(Cont,,,,,,,,,,,,,,,,,,,,,,,,,,
JAHANABAD,1998-99,414,..,..,398,366,616,531,1296,1408,1224,310,..,..,INDIA.STATEBIHARDISTRICT-WISE(Cont,,,,,,,,,,,,,,,,,,,,,,,,,,
,,380,..,..,..,..,..,..,..,..,..,..,..,..,INDIA.STATEBIHARDISTRICT-WISE(Cont,,,,,,,,,,,,,,,,,,,,,,,,,,
,1999-00,429,..,..,..,410,612,513,1408,1482,913,358,2700,..,INDIA.STATEBIHARDISTRICT-WISE(Cont,,,,,,,,,,,,,,,,,,,,,,,,,,
,,430,..,..,..,..,..,..,..,..,..,..,..,..,INDIA.STATEBIHARDISTRICT-WISE(Cont,,,,,,,,,,,,,,,,,,,,,,,,,,
,2000-01,380,..,..,356,372,540,513,1522,1472,1000,458,2857,..,INDIA.STATEBIHARDISTRICT-WISE(Cont,,,,,,,,,,,,,,,,,,,,,,,,,,
,,416,..,..,..,..,..,..,..,..,..,..,..,..,INDIA.STATEBIHARDISTRICT-WISE(Cont,,,,,,,,,,,,,,,,,,,,,,,,,,
NAWODA,1998-99,439,..,..,398,366,583,495,1343,1488,..,310,..,..,INDIA.STATEBIHARDISTRICT-WISE(Cont,,,,,,,,,,,,,,,,,,,,,,,,,,
,,380,..,..,..,..,..,..,..,..,..,..,..,..,INDIA.STATEBIHARDISTRICT-WISE(Cont,,,,,,,,,,,,,,,,,,,,,,,,,,
,1999-00,388,..,..,457,410,657,500,1610,1483,913,460,..,..,INDIA.STATEBIHARDISTRICT-WISE(Cont,,,,,,,,,,,,,,,,,,,,,,,,,,
,2000-01,384,..,..,356,372,493,460,1522,1472,1000,365,..,..,INDIA.STATEBIHARDISTRICT-WISE(Cont,,,,,,,,,,,,,,,,,,,,,,,,,,
,,347,..,..,..,..,..,..,..,..,..,..,..,..,INDIA.STATEBIHARDISTRICT-WISE(Cont,,,,,,,,,,,,,,,,,,,,,,,,,,
AURANGABAD,1998-99,408,..,..,398,366,658,423,1297,1488,..,393,..,..,INDIA.STATEBIHARDISTRICT-WISE(Cont,,,,,,,,,,,,,,,,,,,,,,,,,,
,,380,..,..,..,..,..,..,..,..,..,..,..,..,INDIA.STATEBIHARDISTRICT-WISE(Cont,,,,,,,,,,,,,,,,,,,,,,,,,,
,1999-00,442,..,..,..,410,586,534,1257,1482,913,340,..,..,INDIA.STATEBIHARDISTRICT-WISE(Cont,,,,,,,,,,,,,,,,,,,,,,,,,,
,2000-01,435,..,..,356,372,519,547,1522,1693,1000,370,..,..,INDIA.STATEBIHARDISTRICT-WISE(Cont,,,,,,,,,,,,,,,,,,,,,,,,,,
,,347,..,..,..,..,..,..,..,..,..,..,..,..,INDIA.STATEBIHARDISTRICT-WISE(Cont,,,,,,,,,,,,,,,,,,,,,,,,,,
BHABUA,1998-99,438,..,..,450,366,610,495,1283,1350,1030,310,2450,..,INDIA.STATEBIHARDISTRICT-WISE(Cont,,,,,,,,,,,,,,,,,,,,,,,,,,
,,380,..,..,..,..,..,..,..,..,..,..,..,..,INDIA.STATEBIHARDISTRICT-WISE(Cont,,,,,,,,,,,,,,,,,,,,,,,,,,
,1999-00,388,..,..,466,410,586,500,1351,1482,913,..,2700,..,INDIA.STATEBIHARDISTRICT-WISE(Cont,,,,,,,,,,,,,,,,,,,,,,,,,,
,,401,..,..,..,..,..,..,..,..,..,..,..,..,INDIA.STATEBIHARDISTRICT-WISE(Cont,,,,,,,,,,,,,,,,,,,,,,,,,,
,2000-01,384,..,..,424,372,496,380,1522,1472,994,365,2857,..,INDIA.STATEBIHARDISTRICT-WISE(Cont,,,,,,,,,,,,,,,,,,,,,,,,,,
,,363,..,..,..,..,..,..,..,..,..,..,..,..,INDIA.STATEBIHARDISTRICT-WISE(Cont,,,,,,,,,,,,,,,,,,,,,,,,,,
SARAN,1998-99,401,..,..,398,366,500,495,1049,1150,..,..,..,..,INDIA.STATEBIHARDISTRICT-WISE(Cont,,,,,,,,,,,,,,,,,,,,,,,,,,
,,380,..,..,..,..,..,..,..,..,..,..,..,..,INDIA.STATEBIHARDISTRICT-WISE(Cont,,,,,,,,,,,,,,,,,,,,,,,,,,
,1999-00,414,..,567,467,410,508,500,1351,1226,913,358,..,..,INDIA.STATEBIHARDISTRICT-WISE(Cont,,,,,,,,,,,,,,,,,,,,,,,,,,
,,469,..,..,..,..,..,..,..,..,..,..,..,..,INDIA.STATEBIHARDISTRICT-WISE(Cont,,,,,,,,,,,,,,,,,,,,,,,,,,
,2000-01,410,..,..,356,372,515,460,1143,1230,1000,365,..,..,INDIA.STATEBIHARDISTRICT-WISE(Cont,,,,,,,,,,,,,,,,,,,,,,,,,,
,,473,..,..,..,..,..,..,..,..,..,..,..,..,INDIA.STATEBIHARDISTRICT-WISE(Cont,,,,,,,,,,,,,,,,,,,,,,,,,,
SIWAN,1998-99,460,..,..,390,366,550,495,1230,1408,820,290,2450,..,INDIA.STATEBIHARDISTRICT-WISE(Cont,,,,,,,,,,,,,,,,,,,,,,,,,,
,,380,..,..,..,..,..,..,..,..,..,..,..,..,INDIA.STATEBIHARDISTRICT-WISE(Cont,,,,,,,,,,,,,,,,,,,,,,,,,,
,1999-00,388,..,567,460,410,575,500,1400,1483,900,..,2700,..,INDIA.STATEBIHARDISTRICT-WISE(Cont,,,,,,,,,,,,,,,,,,,,,,,,,,
,,430,..,..,..,..,..,..,..,..,..,..,..,..,INDIA.STATEBIHARDISTRICT-WISE(Cont,,,,,,,,,,,,,,,,,,,,,,,,,,
,2000-01,384,..,..,400,372,595,460,1522,1250,1050,365,..,..,INDIA.STATEBIHARDISTRICT-WISE(Cont,,,,,,,,,,,,,,,,,,,,,,,,,,
,,390,..,..,..,..,..,..,..,..,..,..,..,..,INDIA.STATEBIHARDISTRICT-WISE(Cont,,,,,,,,,,,,,,,,,,,,,,,,,,
GOPAL-GANJ,1998-99,438,..,..,398,366,583,495,1338,1488,1077,..,2450,..,INDIA.STATEBIHARDISTRICT-WISE(Cont,,,,,,,,,,,,,,,,,,,,,,,,,,
,,380,..,..,..,..,..,..,..,..,..,..,..,..,INDIA.STATEBIHARDISTRICT-WISE(Cont,,,,,,,,,,,,,,,,,,,,,,,,,,
,1999-00,388,..,567,457,410,573,500,1351,1482,1077,358,2700,..,INDIA.STATEBIHARDISTRICT-WISE(Cont,,,,,,,,,,,,,,,,,,,,,,,,,,
,,430,..,..,..,..,..,..,..,..,..,..,..,..,INDIA.STATEBIHARDISTRICT-WISE(Cont,,,,,,,,,,,,,,,,,,,,,,,,,,
,2000-01,440,..,..,430,372,514,460,1522,1472,1000,365,2857,..,INDIA.STATEBIHARDISTRICT-WISE(Cont,,,,,,,,,,,,,,,,,,,,,,,,,,
,,347,..,..,..,..,..,..,..,..,..,..,..,..,INDIA.STATEBIHARDISTRICT-WISE(Cont,,,,,,,,,,,,,,,,,,,,,,,,,,
MUZAFFARPUR,1998-99,438,..,..,423,366,501,495,1338,918,947,..,2450,..,INDIA.STATEBIHARDISTRICT-WISE(Cont,,,,,,,,,,,,,,,,,,,,,,,,,,
,,358,..,..,..,..,..,..,..,..,..,..,..,..,INDIA.STATEBIHARDISTRICT-WISE(Cont,,,,,,,,,,,,,,,,,,,,,,,,,,
,1999-00,388,..,..,..,493,605,525,1351,1260,1000,417,2700,..,INDIA.STATEBIHARDISTRICT-WISE(Cont,,,,,,,,,,,,,,,,,,,,,,,,,,
,,409,..,..,..,..,..,..,..,..,..,..,..,..,INDIA.STATEBIHARDISTRICT-WISE(Cont,,,,,,,,,,,,,,,,,,,,,,,,,,
,2000-01,384,..,..,330,545,501,454,1522,1454,1000,365,2857,..,INDIA.STATEBIHARDISTRICT-WISE(Cont,,,,,,,,,,,,,,,,,,,,,,,,,,
,,333,..,..,..,..,..,..,..,..,..,..,..,..,INDIA.STATEBIHARDISTRICT-WISE(Cont,,,,,,,,,,,,,,,,,,,,,,,,,,
CHAMPARAN-EAST,1998-99,429,..,..,425,366,550,426,1338,1525,..,400,..,..,INDIA.STATEBIHARDISTRICT-WISE(Cont,,,,,,,,,,,,,,,,,,,,,,,,,,
,,410,..,..,..,..,..,..,..,..,..,..,..,..,INDIA.STATEBIHARDISTRICT-WISE(Cont,,,,,,,,,,,,,,,,,,,,,,,,,,
,1999-00,388,..,567,464,410,550,400,1371,1500,913,358,2700,..,INDIA.STATEBIHARDISTRICT-WISE(Cont,,,,,,,,,,,,,,,,,,,,,,,,,,
,,430,..,..,..,..,..,..,..,..,..,..,..,..,INDIA.STATEBIHARDISTRICT-WISE(Cont,,,,,,,,,,,,,,,,,,,,,,,,,,
,2000-01,325,..,..,356,372,500,400,..,1500,1000,365,..,..,INDIA.STATEBIHARDISTRICT-WISE(Cont,,,,,,,,,,,,,,,,,,,,,,,,,,
,,347,..,..,..,..,..,..,..,..,..,..,..,..,INDIA.STATEBIHARDISTRICT-WISE(Cont,,,,,,,,,,,,,,,,,,,,,,,,,,
CHAMPARAN-WEST,1998-99,438,..,..,474,366,668,495,1338,1408,..,431,..,..,INDIA.STATEBIHARDISTRICT-WISE(Cont,,,,,,,,,,,,,,,,,,,,,,,,,,
,,373,..,..,..,..,..,..,..,..,..,..,..,..,INDIA.STATEBIHARDISTRICT-WISE(Cont,,,,,,,,,,,,,,,,,,,,,,,,,,
,1999-00,364,..,567,457,410,608,500,1351,1482,862,248,2700,..,INDIA.STATEBIHARDISTRICT-WISE(Cont,,,,,,,,,,,,,,,,,,,,,,,,,,
,,426,..,..,..,..,..,..,..,..,..,..,..,..,INDIA.STATEBIHARDISTRICT-WISE(Cont,,,,,,,,,,,,,,,,,,,,,,,,,,
,2000-01,348,..,..,406,372,567,460,1522,1570,1000,379,2857,..,INDIA.STATEBIHARDISTRICT-WISE(Cont,,,,,,,,,,,,,,,,,,,,,,,,,,
,,347,..,..,..,..,..,..,..,..,..,..,..,..,INDIA.STATEBIHARDISTRICT-WISE(Cont,,,,,,,,,,,,,,,,,,,,,,,,,,
SITAMARHI,1998-99,438,..,..,398,366,608,606,1418,1413,880,310,2450,..,INDIA.STATEBIHARDISTRICT-WISE(Cont,,,,,,,,,,,,,,,,,,,,,,,,,,
,,380,..,..,..,..,..,..,..,..,..,..,..,..,INDIA.STATEBIHARDISTRICT-WISE(Cont,,,,,,,,,,,,,,,,,,,,,,,,,,
,1999-00,388,..,..,457,410,585,500,1438,1463,885,358,2700,..,INDIA.STATEBIHARDISTRICT-WISE(Cont,,,,,,,,,,,,,,,,,,,,,,,,,,
,,465,..,..,..,..,..,..,..,..,..,..,..,..,INDIA.STATEBIHARDISTRICT-WISE(Cont,,,,,,,,,,,,,,,,,,,,,,,,,,
,2000-01,438,..,..,346,372,525,703,1575,1400,933,365,..,..,INDIA.STATEBIHARDISTRICT-WISE(Cont,,,,,,,,,,,,,,,,,,,,,,,,,,
,,396,..,..,..,..,..,..,..,..,..,..,..,..,INDIA.STATEBIHARDISTRICT-WISE(Cont,,,,,,,,,,,,,,,,,,,,,,,,,,
VAISHALI,1998-99,508,..,..,400,366,600,500,1300,1488,1100,310,2500,..,INDIA.STATEBIHARDISTRICT-WISE(Cont,,,,,,,,,,,,,,,,,,,,,,,,,,
,,380,..,..,..,..,..,..,..,..,..,..,..,..,INDIA.STATEBIHARDISTRICT-WISE(Cont,,,,,,,,,,,,,,,,,,,,,,,,,,
,1999-00,388,..,567,450,475,650,525,1400,1482,913,300,2700,..,INDIA.STATEBIHARDISTRICT-WISE(Cont,,,,,,,,,,,,,,,,,,,,,,,,,,
,,475,..,..,..,..,..,..,..,..,..,..,..,..,INDIA.STATEBIHARDISTRICT-WISE(Cont,,,,,,,,,,,,,,,,,,,,,,,,,,
,2000-01,384,..,..,356,500,550,500,1350,1472,1100,365,2850,..,INDIA.STATEBIHARDISTRICT-WISE(Cont,,,,,,,,,,,,,,,,,,,,,,,,,,
,,347,..,..,..,..,..,..,..,..,..,..,..,..,INDIA.STATEBIHARDISTRICT-WISE(Cont,,,,,,,,,,,,,,,,,,,,,,,,,,
DARBHANGA,1998-99,410,..,..,403,398,495,495,1338,1344,798,329,2450,..,INDIA.STATEBIHARDISTRICT-WISE(Cont,,,,,,,,,,,,,,,,,,,,,,,,,,
,,380,..,..,..,..,..,..,..,..,..,..,..,..,INDIA.STATEBIHARDISTRICT-WISE(Cont,,,,,,,,,,,,,,,,,,,,,,,,,,
,1999-00,426,..,..,423,411,519,500,1351,1482,913,335,2700,..,INDIA.STATEBIHARDISTRICT-WISE(Cont,,,,,,,,,,,,,,,,,,,,,,,,,,
,,393,..,..,..,..,..,..,..,..,..,..,..,..,INDIA.STATEBIHARDISTRICT-WISE(Cont,,,,,,,,,,,,,,,,,,,,,,,,,,
,2000-01,428,..,..,422,406,506,460,1522,1472,833,343,2857,..,INDIA.STATEBIHARDISTRICT-WISE(Cont,,,,,,,,,,,,,,,,,,,,,,,,,,
,,389,..,..,..,..,..,..,..,..,..,..,..,..,INDIA.STATEBIHARDISTRICT-WISE(Cont,,,,,,,,,,,,,,,,,,,,,,,,,,
MADHUBANI,1998-99,425,..,..,398,366,644,495,1331,1474,1042,310,2450,..,INDIA.STATEBIHARDISTRICT-WISE(Cont,,,,,,,,,,,,,,,,,,,,,,,,,,
,,347,..,..,..,..,..,..,..,..,..,..,..,..,INDIA.STATEBIHARDISTRICT-WISE(Cont,,,,,,,,,,,,,,,,,,,,,,,,,,
,1999-00,500,..,..,454,442,616,500,1478,1486,1000,436,2700,..,INDIA.STATEBIHARDISTRICT-WISE(Cont,,,,,,,,,,,,,,,,,,,,,,,,,,
,,351,..,..,..,..,..,..,..,..,..,..,..,..,INDIA.STATEBIHARDISTRICT-WISE(Cont,,,,,,,,,,,,,,,,,,,,,,,,,,
,2000-01,337,..,..,426,326,510,460,1522,1272,1123,428,2857,..,INDIA.STATEBIHARDISTRICT-WISE(Cont,,,,,,,,,,,,,,,,,,,,,,,,,,
,,347,..,..,..,..,..,..,..,..,..,..,..,..,INDIA.STATEBIHARDISTRICT-WISE(Cont,,,,,,,,,,,,,,,,,,,,,,,,,,
ANDAMAN&NICOBAR ISLANDS,1998-99,,,,,,,,,,,,,,ANDAMAN&NICOBARISLANDS(Concluded).,..,..,..,..,..,..,..,..,10000,3000,1200,..,..,,,,,,,,,,,,,
,1999-00,,,,,,,,,,,,,,ANDAMAN&NICOBARISLANDS(Concluded).,..,..,..,..,..,..,..,..,11000,..,..,..,..,,,,,,,,,,,,,
,2000-01,,,,,,,,,,,,,,ANDAMAN&NICOBARISLANDS(Concluded).,..,..,..,..,..,..,..,..,15000,4585,4150,..,..,,,,,,,,,,,,,
ANDAMAN&NICOBAR ISLANDS,1998-99,,,,,,,,,,,,,,ANDAMAN&NICOBARISLANDS(Concluded).,..,..,..,..,..,..,..,..,10000,3000,1200,..,..,,,,,,,,,,,,,
,1999-00,,,,,,,,,,,,,,ANDAMAN&NICOBARISLANDS(Concluded).,..,..,..,..,..,..,..,..,11000,..,..,..,..,,,,,,,,,,,,,
(S.W.Average),2000-01,,,,,,,,,,,,,,ANDAMAN&NICOBARISLANDS(Concluded).,..,..,..,..,..,..,..,..,15000,4585,4150,..,..,,,,,,,,,,,,,
SAMASTIPUR,1998-99,402,..,..,398,366,564,394,1280,1142,868,413,2485,..,INDIA.STATEBIHARDISTRICT-WISE(Cont,,,,,,,,,,,,,,,,,,,,,,,,,,
,,380,..,..,..,..,..,..,..,..,..,..,..,..,INDIA.STATEBIHARDISTRICT-WISE(Cont,,,,,,,,,,,,,,,,,,,,,,,,,,
,1999-00,418,..,..,457,410,600,500,1435,1479,913,358,2700,..,INDIA.STATEBIHARDISTRICT-WISE(Cont,,,,,,,,,,,,,,,,,,,,,,,,,,
,,430,..,..,..,..,..,..,..,..,..,..,..,..,INDIA.STATEBIHARDISTRICT-WISE(Cont,,,,,,,,,,,,,,,,,,,,,,,,,,
,2000-01,384,..,..,344,372,551,460,1522,1606,1038,365,3133,..,INDIA.STATEBIHARDISTRICT-WISE(Cont,,,,,,,,,,,,,,,,,,,,,,,,,,
,,430,..,..,..,..,..,..,..,..,..,..,..,..,INDIA.STATEBIHARDISTRICT-WISE(Cont,,,,,,,,,,,,,,,,,,,,,,,,,,
BEGUSERAI,1998-99,448,..,..,398,366,576,495,1338,1488,..,..,2450,..,INDIA.STATEBIHARDISTRICT-WISE(Cont,,,,,,,,,,,,,,,,,,,,,,,,,,
,,380,..,..,..,..,..,..,..,..,..,..,..,..,INDIA.STATEBIHARDISTRICT-WISE(Cont,,,,,,,,,,,,,,,,,,,,,,,,,,
,1999-00,388,..,..,457,410,586,500,1351,1482,913,358,2700,..,INDIA.STATEBIHARDISTRICT-WISE(Cont,,,,,,,,,,,,,,,,,,,,,,,,,,
,,430,..,..,..,..,..,..,..,..,..,..,..,..,INDIA.STATEBIHARDISTRICT-WISE(Cont,,,,,,,,,,,,,,,,,,,,,,,,,,
,2000-01,384,..,..,356,372,501,460,1522,1578,1000,365,2857,..,INDIA.STATEBIHARDISTRICT-WISE(Cont,,,,,,,,,,,,,,,,,,,,,,,,,,
,,347,..,..,..,..,..,..,..,..,..,..,..,..,INDIA.STATEBIHARDISTRICT-WISE(Cont,,,,,,,,,,,,,,,,,,,,,,,,,,
JUMUE,1998-99,495,..,..,389,366,577,495,1338,1408,..,310,..,..,INDIA.STATEBIHARDISTRICT-WISE(Cont,,,,,,,,,,,,,,,,,,,,,,,,,,
,,380,..,..,..,..,..,..,..,..,..,..,..,..,INDIA.STATEBIHARDISTRICT-WISE(Cont,,,,,,,,,,,,,,,,,,,,,,,,,,
,1999-00,388,..,..,423,410,565,500,1351,1482,913,369,..,..,INDIA.STATEBIHARDISTRICT-WISE(Cont,,,,,,,,,,,,,,,,,,,,,,,,,,
,2000-01,427,..,..,426,372,543,460,1522,1472,1000,407,..,..,INDIA.STATEBIHARDISTRICT-WISE(Cont,,,,,,,,,,,,,,,,,,,,,,,,,,
BHAGALPUR,1998-99,438,..,..,420,366,741,495,1262,1408,1013,310,2450,..,INDIA.STATEBIHARDISTRICT-WISE(Cont,,,,,,,,,,,,,,,,,,,,,,,,,,
,,380,..,..,..,..,..,..,..,..,..,..,..,..,INDIA.STATEBIHARDISTRICT-WISE(Cont,,,,,,,,,,,,,,,,,,,,,,,,,,
,1999-00,450,..,567,464,..,586,500,1351,1482,913,367,..,..,INDIA.STATEBIHARDISTRICT-WISE(Cont,,,,,,,,,,,,,,,,,,,,,,,,,,
,,430,..,..,..,..,..,..,..,..,..,..,..,..,INDIA.STATEBIHARDISTRICT-WISE(Cont,,,,,,,,,,,,,,,,,,,,,,,,,,
,2000-01,439,..,..,300,..,567,569,1522,1655,1000,365,2857,..,INDIA.STATEBIHARDISTRICT-WISE(Cont,,,,,,,,,,,,,,,,,,,,,,,,,,
,,347,..,..,..,..,..,..,..,..,..,..,..,..,INDIA.STATEBIHARDISTRICT-WISE(Cont,,,,,,,,,,,,,,,,,,,,,,,,,,
MONGHYR,1998-99,438,..,..,386,366,612,495,1338,1408,..,310,..,..,INDIA.STATEBIHARDISTRICT-WISE(Cont,,,,,,,,,,,,,,,,,,,,,,,,,,
,,380,..,..,..,..,..,..,..,..,..,..,..,..,INDIA.STATEBIHARDISTRICT-WISE(Cont,,,,,,,,,,,,,,,,,,,,,,,,,,
,1999-00,388,..,..,457,410,610,500,1351,1482,..,358,..,..,INDIA.STATEBIHARDISTRICT-WISE(Cont,,,,,,,,,,,,,,,,,,,,,,,,,,
,2000-01,443,..,..,420,372,551,460,1522,1472,..,365,..,..,INDIA.STATEBIHARDISTRICT-WISE(Cont,,,,,,,,,,,,,,,,,,,,,,,,,,
KHAGARIA,1998-99,438,..,..,398,366,666,495,1343,1408,..,..,..,..,INDIA.STATEBIHARDISTRICT-WISE(Cont,,,,,,,,,,,,,,,,,,,,,,,,,,
,,380,..,..,..,..,..,..,..,..,..,..,..,..,INDIA.STATEBIHARDISTRICT-WISE(Cont,,,,,,,,,,,,,,,,,,,,,,,,,,
,1999-00,455,..,..,457,410,693,500,1543,1482,913,343,..,..,INDIA.STATEBIHARDISTRICT-WISE(Cont,,,,,,,,,,,,,,,,,,,,,,,,,,
,,430,..,..,..,..,..,..,..,..,..,..,..,..,INDIA.STATEBIHARDISTRICT-WISE(Cont,,,,,,,,,,,,,,,,,,,,,,,,,,
,2000-01,316,..,..,356,372,455,389,1522,1256,1000,365,..,..,INDIA.STATEBIHARDISTRICT-WISE(Cont,,,,,,,,,,,,,,,,,,,,,,,,,,
,,347,..,..,..,..,..,..,..,..,..,..,..,..,INDIA.STATEBIHARDISTRICT-WISE(Cont,,,,,,,,,,,,,,,,,,,,,,,,,,
SAHARSA,1998-99,490,..,..,350,300,500,600,1200,1408,1100,310,..,..,INDIA.STATEBIHARDISTRICT-WISE(Cont,,,,,,,,,,,,,,,,,,,,,,,,,,
,,350,..,..,..,..,..,..,..,..,..,..,..,..,INDIA.STATEBIHARDISTRICT-WISE(Cont,,,,,,,,,,,,,,,,,,,,,,,,,,
,1999-00,388,..,..,400,350,500,500,..,1482,913,375,..,..,INDIA.STATEBIHARDISTRICT-WISE(Cont,,,,,,,,,,,,,,,,,,,,,,,,,,
,,375,..,..,..,..,..,..,..,..,..,..,..,..,INDIA.STATEBIHARDISTRICT-WISE(Cont,,,,,,,,,,,,,,,,,,,,,,,,,,
,2000-01,428,..,..,280,330,450,460,..,1472,1200,365,..,..,INDIA.STATEBIHARDISTRICT-WISE(Cont,,,,,,,,,,,,,,,,,,,,,,,,,,
,,305,..,..,..,..,..,..,..,..,..,..,..,..,INDIA.STATEBIHARDISTRICT-WISE(Cont,,,,,,,,,,,,,,,,,,,,,,,,,,
BAKA,1998-99,380,..,..,398,366,556,506,1494,1383,..,310,..,..,INDIA.STATEBIHARDISTRICT-WISE(Cont,,,,,,,,,,,,,,,,,,,,,,,,,,
,1999-00,388,..,..,457,..,500,420,1427,1511,913,361,..,..,INDIA.STATEBIHARDISTRICT-WISE(Cont,,,,,,,,,,,,,,,,,,,,,,,,,,
,,430,..,..,..,..,..,..,..,..,..,..,..,..,INDIA.STATEBIHARDISTRICT-WISE(Cont,,,,,,,,,,,,,,,,,,,,,,,,,,
,2000-01,384,..,..,356,..,536,459,1522,1402,1000,365,..,..,INDIA.STATEBIHARDISTRICT-WISE(Cont,,,,,,,,,,,,,,,,,,,,,,,,,,
,,347,..,..,..,..,..,..,..,..,..,..,..,..,INDIA.STATEBIHARDISTRICT-WISE(Cont,,,,,,,,,,,,,,,,,,,,,,,,,,
MADHUPURA,1998-99,370,..,..,332,366,545,495,1453,1488,..,..,2450,..,INDIA.STATEBIHARDISTRICT-WISE(Cont,,,,,,,,,,,,,,,,,,,,,,,,,,
,1998-99,388,..,..,360,395,591,500,1448,1482,913,313,..,..,INDIA.STATEBIHARDISTRICT-WISE(Cont,,,,,,,,,,,,,,,,,,,,,,,,,,
,,474,..,..,..,..,..,..,..,..,..,..,..,..,INDIA.STATEBIHARDISTRICT-WISE(Cont,,,,,,,,,,,,,,,,,,,,,,,,,,
,2000-01,384,..,..,312,385,519,460,1556,1472,1000,312,..,..,INDIA.STATEBIHARDISTRICT-WISE(Cont,,,,,,,,,,,,,,,,,,,,,,,,,,
,,391,..,..,..,..,..,..,..,..,..,..,..,..,INDIA.STATEBIHARDISTRICT-WISE(Cont,,,,,,,,,,,,,,,,,,,,,,,,,,
PURNEA,1998-99,415,..,..,398,366,540,389,1265,1488,..,211,2450,..,INDIA.STATEBIHARDISTRICT-WISE(Cont,,,,,,,,,,,,,,,,,,,,,,,,,,
,,402,..,..,..,..,..,..,..,..,..,..,..,..,INDIA.STATEBIHARDISTRICT-WISE(Cont,,,,,,,,,,,,,,,,,,,,,,,,,,
,1999-00,388,..,..,460,410,..,..,..,..,913,381,2700,..,INDIA.STATEBIHARDISTRICT-WISE(Cont,,,,,,,,,,,,,,,,,,,,,,,,,,
,,483,..,..,..,..,..,..,..,..,..,..,..,..,INDIA.STATEBIHARDISTRICT-WISE(Cont,,,,,,,,,,,,,,,,,,,,,,,,,,
,2000-01,384,..,..,356,372,469,460,1522,1472,1000,365,2857,..,INDIA.STATEBIHARDISTRICT-WISE(Cont,,,,,,,,,,,,,,,,,,,,,,,,,,
,,312,..,..,..,..,..,..,..,..,..,..,..,..,INDIA.STATEBIHARDISTRICT-WISE(Cont,,,,,,,,,,,,,,,,,,,,,,,,,,
KISHANGANJ,1998-99,380,..,..,347,366,486,389,1288,1488,..,..,2450,..,INDIA.STATEBIHARDISTRICT-WISE(Cont,,,,,,,,,,,,,,,,,,,,,,,,,,
,1999-00,479,..,..,463,410,..,..,..,..,913,369,2700,..,INDIA.STATEBIHARDISTRICT-WISE(Cont,,,,,,,,,,,,,,,,,,,,,,,,,,
,,499,..,..,..,..,..,..,..,..,..,..,..,..,INDIA.STATEBIHARDISTRICT-WISE(Cont,,,,,,,,,,,,,,,,,,,,,,,,,,
,2000-01,355,..,..,356,372,455,460,1522,1472,1000,365,2857,..,INDIA.STATEBIHARDISTRICT-WISE(Cont,,,,,,,,,,,,,,,,,,,,,,,,,,
,,304,..,..,..,..,..,..,..,..,..,..,..,..,INDIA.STATEBIHARDISTRICT-WISE(Cont,,,,,,,,,,,,,,,,,,,,,,,,,,
AURAIYA,1998-99,415,..,..,353,366,497,495,1002,1488,..,211,2450,..,INDIA.STATEBIHARDISTRICT-WISE(Cont,,,,,,,,,,,,,,,,,,,,,,,,,,
,,402,..,..,..,..,..,..,..,..,..,..,..,..,INDIA.STATEBIHARDISTRICT-WISE(Cont,,,,,,,,,,,,,,,,,,,,,,,,,,
,1999-00,388,..,567,457,410,502,500,1387,1693,913,358,..,..,INDIA.STATEBIHARDISTRICT-WISE(Cont,,,,,,,,,,,,,,,,,,,,,,,,,,
,,485,..,..,..,..,..,..,..,..,..,..,..,..,INDIA.STATEBIHARDISTRICT-WISE(Cont,,,,,,,,,,,,,,,,,,,,,,,,,,
,2000-01,354,..,..,356,372,478,460,1522,1472,1000,313,..,..,INDIA.STATEBIHARDISTRICT-WISE(Cont,,,,,,,,,,,,,,,,,,,,,,,,,,
,,314,..,..,..,..,..,..,..,..,..,..,..,..,INDIA.STATEBIHARDISTRICT-WISE(Cont,,,,,,,,,,,,,,,,,,,,,,,,,,
SUPPOLE,1998-99,475,..,..,350,366,490,550,1150,1488,..,300,..,..,INDIA.STATEBIHARDISTRICT-WISE(Cont,,,,,,,,,,,,,,,,,,,,,,,,,,
,,360,..,..,..,..,..,..,..,..,..,..,..,..,INDIA.STATEBIHARDISTRICT-WISE(Cont,,,,,,,,,,,,,,,,,,,,,,,,,,
,1999-00,388,..,..,400,350,500,500,1150,1482,913,358,..,..,INDIA.STATEBIHARDISTRICT-WISE(Cont,,,,,,,,,,,,,,,,,,,,,,,,,,
,,390,..,..,..,..,..,..,..,..,..,..,..,..,INDIA.STATEBIHARDISTRICT-WISE(Cont,,,,,,,,,,,,,,,,,,,,,,,,,,
,2000-01,400,..,..,325,350,460,550,1500,1200,..,365,2857,..,INDIA.STATEBIHARDISTRICT-WISE(Cont,,,,,,,,,,,,,,,,,,,,,,,,,,
,,300,..,..,..,..,..,..,..,..,..,..,..,..,INDIA.STATEBIHARDISTRICT-WISE(Cont,,,,,,,,,,,,,,,,,,,,,,,,,,
KATIHAR,1998-99,426,..,..,364,366,512,495,1338,1488,..,224,2450,..,INDIA.STATEBIHARDISTRICT-WISE(Cont,,,,,,,,,,,,,,,,,,,,,,,,,,
,,396,..,..,..,..,..,..,..,..,..,..,..,..,INDIA.STATEBIHARDISTRICT-WISE(Cont,,,,,,,,,,,,,,,,,,,,,,,,,,
,1999-00,432,..,567,457,410,516,500,1351,1482,913,329,2700,..,INDIA.STATEBIHARDISTRICT-WISE(Cont,,,,,,,,,,,,,,,,,,,,,,,,,,
,,402,..,..,..,..,..,..,..,..,..,..,..,..,INDIA.STATEBIHARDISTRICT-WISE(Cont,,,,,,,,,,,,,,,,,,,,,,,,,,
,2000-01,435,..,..,374,372,520,460,1522,1472,1000,365,2857,..,INDIA.STATEBIHARDISTRICT-WISE(Cont,,,,,,,,,,,,,,,,,,,,,,,,,,
,,403,..,..,..,..,..,..,..,..,..,..,..,..,INDIA.STATEBIHARDISTRICT-WISE(Cont,,,,,,,,,,,,,,,,,,,,,,,,,,
DUMKA,1998-99,439,..,..,398,400,724,669,1383,1488,1100,310,..,..,INDIA.STATEBIHARDISTRICT-WISE(Cont,,,,,,,,,,,,,,,,,,,,,,,,,,
,,380,..,..,..,..,..,..,..,..,..,..,..,..,INDIA.STATEBIHARDISTRICT-WISE(Cont,,,,,,,,,,,,,,,,,,,,,,,,,,
,1999-00,444,..,600,417,342,651,..,1351,1482,913,358,2700,..,INDIA.STATEBIHARDISTRICT-WISE(Cont,,,,,,,,,,,,,,,,,,,,,,,,,,
,,392,..,..,..,..,..,..,..,..,..,..,..,..,INDIA.STATEBIHARDISTRICT-WISE(Cont,,,,,,,,,,,,,,,,,,,,,,,,,,
,2000-01,..Wt,..,..,..,..,..,..,..,..,..,..,..,..,INDIA.STATEBIHARDISTRICT-WISE(Cont,,,,,,,,,,,,,,,,,,,,,,,,,,
,,..At,..,..,..,..,..,..,..,..,..,..,..,..,INDIA.STATEBIHARDISTRICT-WISE(Cont,,,,,,,,,,,,,,,,,,,,,,,,,,
GODHA,1998-99,428,..,..,398,353,557,439,1375,1568,891,235,..,..,INDIA.STATEBIHARDISTRICT-WISE(Cont,,,,,,,,,,,,,,,,,,,,,,,,,,
,,380,..,..,..,..,..,..,..,..,..,..,..,..,INDIA.STATEBIHARDISTRICT-WISE(Cont,,,,,,,,,,,,,,,,,,,,,,,,,,
,1999-00,449,..,567,458,352,661,540,1593,1595,913,393,..,..,INDIA.STATEBIHARDISTRICT-WISE(Cont,,,,,,,,,,,,,,,,,,,,,,,,,,
,,481,..,..,..,..,..,..,..,..,..,..,..,..,INDIA.STATEBIHARDISTRICT-WISE(Cont,,,,,,,,,,,,,,,,,,,,,,,,,,
,2000-01,..Wt,..,..,..,..,..,..,..,..,..,..,..,..,INDIA.STATEBIHARDISTRICT-WISE(Cont,,,,,,,,,,,,,,,,,,,,,,,,,,
,,..At,..,..,..,..,..,..,..,..,..,..,..,..,INDIA.STATEBIHARDISTRICT-WISE(Cont,,,,,,,,,,,,,,,,,,,,,,,,,,
DEOGHAR,1998-99,438,..,..,397,366,413,391,1013,..,..,208,..,..,INDIA.STATEBIHARDISTRICT-WISE(Cont,,,,,,,,,,,,,,,,,,,,,,,,,,
,,334,..,..,..,..,..,..,..,..,..,..,..,..,INDIA.STATEBIHARDISTRICT-WISE(Cont,,,,,,,,,,,,,,,,,,,,,,,,,,
,1999-00,305,..,567,400,410,586,500,1351,1482,..,322,..,..,INDIA.STATEBIHARDISTRICT-WISE(Cont,,,,,,,,,,,,,,,,,,,,,,,,,,
,,363,..,..,..,..,..,..,..,..,..,..,..,..,INDIA.STATEBIHARDISTRICT-WISE(Cont,,,,,,,,,,,,,,,,,,,,,,,,,,
,2000-01,..Wt,..,..,..,..,..,..,..,..,..,..,..,..,INDIA.STATEBIHARDISTRICT-WISE(Cont,,,,,,,,,,,,,,,,,,,,,,,,,,
,,..At,..,..,..,..,..,..,..,..,..,..,..,..,INDIA.STATEBIHARDISTRICT-WISE(Cont,,,,,,,,,,,,,,,,,,,,,,,,,,
CHATRA,1998-99,407,..,..,398,366,616,495,1015,1488,986,..,..,..,INDIA.STATEBIHARDISTRICT-WISE(Cont,,,,,,,,,,,,,,,,,,,,,,,,,,
,,380,..,..,..,..,..,..,..,..,..,..,..,..,INDIA.STATEBIHARDISTRICT-WISE(Cont,,,,,,,,,,,,,,,,,,,,,,,,,,
,1999-00,388,..,567,..,452,517,500,1250,1482,913,358,..,..,INDIA.STATEBIHARDISTRICT-WISE(Cont,,,,,,,,,,,,,,,,,,,,,,,,,,
,,430,..,..,..,..,..,..,..,..,..,..,..,..,INDIA.STATEBIHARDISTRICT-WISE(Cont,,,,,,,,,,,,,,,,,,,,,,,,,,
,2000-01,..Wt,..,..,..,..,..,..,..,..,..,..,..,..,INDIA.STATEBIHARDISTRICT-WISE(Cont,,,,,,,,,,,,,,,,,,,,,,,,,,
,,..At,..,..,..,..,..,..,..,..,..,..,..,..,INDIA.STATEBIHARDISTRICT-WISE(Cont,,,,,,,,,,,,,,,,,,,,,,,,,,
SAHEBGANJ,1998-99,504,..,..,398,366,513,495,1283,1488,..,310,..,..,INDIA.STATEBIHARDISTRICT-WISE(Cont,,,,,,,,,,,,,,,,,,,,,,,,,,
,,380,..,..,..,..,..,..,..,..,..,..,..,..,INDIA.STATEBIHARDISTRICT-WISE(Cont,,,,,,,,,,,,,,,,,,,,,,,,,,
,1999-00,388,..,500,457,410,586,500,1351,1482,913,400,..,..,INDIA.STATEBIHARDISTRICT-WISE(Cont,,,,,,,,,,,,,,,,,,,,,,,,,,
,,430,..,..,..,..,..,..,..,..,..,..,..,..,INDIA.STATEBIHARDISTRICT-WISE(Cont,,,,,,,,,,,,,,,,,,,,,,,,,,
,2000-01,..Wt,..,..,..,..,..,..,..,..,..,..,..,..,INDIA.STATEBIHARDISTRICT-WISE(Cont,,,,,,,,,,,,,,,,,,,,,,,,,,
,,..At,..,..,..,..,..,..,..,..,..,..,..,..,INDIA.STATEBIHARDISTRICT-WISE(Cont,,,,,,,,,,,,,,,,,,,,,,,,,,
HAZARIBAGH,1998-99,432,..,..,398,366,558,495,1181,1488,951,..,..,..,INDIA.STATEBIHARDISTRICT-WISE(Cont,,,,,,,,,,,,,,,,,,,,,,,,,,
,,380,..,..,..,..,..,..,..,..,..,..,..,..,INDIA.STATEBIHARDISTRICT-WISE(Cont,,,,,,,,,,,,,,,,,,,,,,,,,,
,1999-00,388,..,567,..,410,522,500,1250,1482,913,358,..,..,INDIA.STATEBIHARDISTRICT-WISE(Cont,,,,,,,,,,,,,,,,,,,,,,,,,,
,,430,..,..,..,..,..,..,..,..,..,..,..,..,INDIA.STATEBIHARDISTRICT-WISE(Cont,,,,,,,,,,,,,,,,,,,,,,,,,,
,2000-01,..Wt,..,..,..,..,..,..,..,..,..,..,..,..,INDIA.STATEBIHARDISTRICT-WISE(Cont,,,,,,,,,,,,,,,,,,,,,,,,,,
,,..At,..,..,..,..,..,..,..,..,..,..,..,..,INDIA.STATEBIHARDISTRICT-WISE(Cont,,,,,,,,,,,,,,,,,,,,,,,,,,
GIRIDIHI,1998-99,438,..,..,450,366,579,495,1304,1488,..,310,..,..,INDIA.STATEBIHARDISTRICT-WISE(Cont,,,,,,,,,,,,,,,,,,,,,,,,,,
,,380,..,..,..,..,..,..,..,..,..,..,..,..,INDIA.STATEBIHARDISTRICT-WISE(Cont,,,,,,,,,,,,,,,,,,,,,,,,,,
,1999-00,398,..,567,..,461,586,500,1369,1482,913,305,..,..,INDIA.STATEBIHARDISTRICT-WISE(Cont,,,,,,,,,,,,,,,,,,,,,,,,,,
,,478,..,..,..,..,..,..,..,..,..,..,..,..,INDIA.STATEBIHARDISTRICT-WISE(Cont,,,,,,,,,,,,,,,,,,,,,,,,,,
,2000-01,..Wt,..,..,..,..,..,..,..,..,..,..,..,..,INDIA.STATEBIHARDISTRICT-WISE(Cont,,,,,,,,,,,,,,,,,,,,,,,,,,
,,..At,..,..,..,..,..,..,..,..,..,..,..,..,INDIA.STATEBIHARDISTRICT-WISE(Cont,,,,,,,,,,,,,,,,,,,,,,,,,,
DHANBAD,1998-99,406,..,..,398,366,639,..,1330,..,..,..,..,..,INDIA.STATEBIHARDISTRICT-WISE(Cont,,,,,,,,,,,,,,,,,,,,,,,,,,
,,380,..,..,..,..,..,..,..,..,..,..,..,..,INDIA.STATEBIHARDISTRICT-WISE(Cont,,,,,,,,,,,,,,,,,,,,,,,,,,
,1999-00,428,..,567,457,410,586,..,1351,1482,913,358,..,..,INDIA.STATEBIHARDISTRICT-WISE(Cont,,,,,,,,,,,,,,,,,,,,,,,,,,
,,430,..,..,..,..,..,..,..,..,..,..,..,..,INDIA.STATEBIHARDISTRICT-WISE(Cont,,,,,,,,,,,,,,,,,,,,,,,,,,
,2000-01,..Wt,..,..,..,..,..,..,..,..,..,..,..,..,INDIA.STATEBIHARDISTRICT-WISE(Cont,,,,,,,,,,,,,,,,,,,,,,,,,,
,,..At,..,..,..,..,..,..,..,..,..,..,..,..,INDIA.STATEBIHARDISTRICT-WISE(Cont,,,,,,,,,,,,,,,,,,,,,,,,,,
BHOKARO,1998-99,380,..,..,398,366,697,495,1338,1488,..,200,..,..,INDIA.STATEBIHARDISTRICT-WISE(Cont,,,,,,,,,,,,,,,,,,,,,,,,,,
,1998-99,388,..,567,457,410,583,..,1300,1482,913,283,..,..,INDIA.STATEBIHARDISTRICT-WISE(Cont,,,,,,,,,,,,,,,,,,,,,,,,,,
,,490,..,..,..,..,..,..,..,..,..,..,..,..,INDIA.STATEBIHARDISTRICT-WISE(Cont,,,,,,,,,,,,,,,,,,,,,,,,,,
,2000-01,..Wt,..,..,..,..,..,..,..,..,..,..,..,..,INDIA.STATEBIHARDISTRICT-WISE(Cont,,,,,,,,,,,,,,,,,,,,,,,,,,
,,..At,..,..,..,..,..,..,..,..,..,..,..,..,INDIA.STATEBIHARDISTRICT-WISE(Cont,,,,,,,,,,,,,,,,,,,,,,,,,,
RANCHI,1998-99,438,..,..,398,366,408,495,1330,1488,..,310,2450,..,INDIA.STATEBIHARDISTRICT-WISE(Cont,,,,,,,,,,,,,,,,,,,,,,,,,,
,,380,..,..,..,..,..,..,..,..,..,..,..,..,INDIA.STATEBIHARDISTRICT-WISE(Cont,,,,,,,,,,,,,,,,,,,,,,,,,,
,1999-00,388,..,567,457,410,535,500,1351,1287,913,390,2700,..,INDIA.STATEBIHARDISTRICT-WISE(Cont,,,,,,,,,,,,,,,,,,,,,,,,,,
,,430,..,..,..,..,..,..,..,..,..,..,..,..,INDIA.STATEBIHARDISTRICT-WISE(Cont,,,,,,,,,,,,,,,,,,,,,,,,,,
,2000-01,..Wt,..,..,..,..,..,..,..,..,..,..,..,..,INDIA.STATEBIHARDISTRICT-WISE(Cont,,,,,,,,,,,,,,,,,,,,,,,,,,
,,..At,..,..,..,..,..,..,..,..,..,..,..,..,INDIA.STATEBIHARDISTRICT-WISE(Cont,,,,,,,,,,,,,,,,,,,,,,,,,,
LOHARDURGA,1998-99,412,..,..,398,371,715,495,1599,1488,986,310,2450,..,INDIA.STATEBIHARDISTRICT-WISE(Cont,,,,,,,,,,,,,,,,,,,,,,,,,,
,,360,..,..,..,..,..,..,..,..,..,..,..,..,INDIA.STATEBIHARDISTRICT-WISE(Cont,,,,,,,,,,,,,,,,,,,,,,,,,,
,1999-00,388,..,..,457,410,586,500,1439,1637,913,358,2700,..,INDIA.STATEBIHARDISTRICT-WISE(Cont,,,,,,,,,,,,,,,,,,,,,,,,,,
,,430,..,..,..,..,..,..,..,..,..,..,..,..,INDIA.STATEBIHARDISTRICT-WISE(Cont,,,,,,,,,,,,,,,,,,,,,,,,,,
,2000-01,..Wt,..,..,..,..,..,..,..,..,..,..,..,..,INDIA.STATEBIHARDISTRICT-WISE(Cont,,,,,,,,,,,,,,,,,,,,,,,,,,
,,..At,..,..,..,..,..,..,..,..,..,..,..,..,INDIA.STATEBIHARDISTRICT-WISE(Cont,,,,,,,,,,,,,,,,,,,,,,,,,,
GUMLA,1998-99,380,..,..,398,366,503,495,1338,1488,..,..,..,..,INDIA.STATEBIHARDISTRICT-WISE(Cont,,,,,,,,,,,,,,,,,,,,,,,,,,
,1999-00,388,..,567,..,410,586,500,1351,1482,913,358,..,..,INDIA.STATEBIHARDISTRICT-WISE(Cont,,,,,,,,,,,,,,,,,,,,,,,,,,
,,430,..,..,..,..,..,..,..,..,..,..,..,..,INDIA.STATEBIHARDISTRICT-WISE(Cont,,,,,,,,,,,,,,,,,,,,,,,,,,
,2000-01,..Wt,..,..,..,..,..,..,..,..,..,..,..,..,INDIA.STATEBIHARDISTRICT-WISE(Cont,,,,,,,,,,,,,,,,,,,,,,,,,,
,,..At,..,..,..,..,..,..,..,..,..,..,..,..,INDIA.STATEBIHARDISTRICT-WISE(Cont,,,,,,,,,,,,,,,,,,,,,,,,,,
PALAMAU,1998-99,405,..,..,398,400,772,507,1361,1414,..,..,..,..,INDIA.STATEBIHARDISTRICT-WISE(Cont,,,,,,,,,,,,,,,,,,,,,,,,,,
,,380,..,..,..,..,..,..,..,..,..,..,..,..,INDIA.STATEBIHARDISTRICT-WISE(Cont,,,,,,,,,,,,,,,,,,,,,,,,,,
,1999-00,419,..,567,457,410,586,500,1351,1482,913,358,..,..,INDIA.STATEBIHARDISTRICT-WISE(Cont,,,,,,,,,,,,,,,,,,,,,,,,,,
,,478,..,..,..,..,..,..,..,..,..,..,..,..,INDIA.STATEBIHARDISTRICT-WISE(Cont,,,,,,,,,,,,,,,,,,,,,,,,,,
,2000-01,..Wt,..,..,..,..,..,..,..,..,..,..,..,..,INDIA.STATEBIHARDISTRICT-WISE(Cont,,,,,,,,,,,,,,,,,,,,,,,,,,
,,..At,..,..,..,..,..,..,..,..,..,..,..,..,INDIA.STATEBIHARDISTRICT-WISE(Cont,,,,,,,,,,,,,,,,,,,,,,,,,,
GHARBHI,1998-99,447,..,..,398,400,763,405,1291,1500,..,310,..,..,INDIA.STATEBIHARDISTRICT-WISE(Cont,,,,,,,,,,,,,,,,,,,,,,,,,,
,,385,..,..,..,..,..,..,..,..,..,..,..,..,INDIA.STATEBIHARDISTRICT-WISE(Cont,,,,,,,,,,,,,,,,,,,,,,,,,,
,1999-00,435,..,567,457,386,586,500,1351,1482,913,358,..,..,INDIA.STATEBIHARDISTRICT-WISE(Cont,,,,,,,,,,,,,,,,,,,,,,,,,,
,,411,..,..,..,..,..,..,..,..,..,..,..,..,INDIA.STATEBIHARDISTRICT-WISE(Cont,,,,,,,,,,,,,,,,,,,,,,,,,,
,2000-01,..Wt,..,..,..,..,..,..,..,..,..,..,..,..,INDIA.STATEBIHARDISTRICT-WISE(Cont,,,,,,,,,,,,,,,,,,,,,,,,,,
,,..At,..,..,..,..,..,..,..,..,..,..,..,..,INDIA.STATEBIHARDISTRICT-WISE(Cont,,,,,,,,,,,,,,,,,,,,,,,,,,
SINGHBHUM-EAST,1998-99,438,..,..,398,366,620,495,1442,1433,..,310,2450,..,INDIA.STATEBIHARDISTRICT-WISE(Cont,,,,,,,,,,,,,,,,,,,,,,,,,,
,,380,..,..,..,..,..,..,..,..,..,..,..,..,INDIA.STATEBIHARDISTRICT-WISE(Cont,,,,,,,,,,,,,,,,,,,,,,,,,,
,1999-00,388,..,567,..,410,586,..,1351,1482,913,358,..,..,INDIA.STATEBIHARDISTRICT-WISE(Cont,,,,,,,,,,,,,,,,,,,,,,,,,,
,,430,..,..,..,..,..,..,..,..,..,..,..,..,INDIA.STATEBIHARDISTRICT-WISE(Cont,,,,,,,,,,,,,,,,,,,,,,,,,,
,2000-01,..Wt,..,..,..,..,..,..,..,..,..,..,..,..,INDIA.STATEBIHARDISTRICT-WISE(Cont,,,,,,,,,,,,,,,,,,,,,,,,,,
,,..At,..,..,..,..,..,..,..,..,..,..,..,..,INDIA.STATEBIHARDISTRICT-WISE(Cont,,,,,,,,,,,,,,,,,,,,,,,,,,
SINGHBHUM-WEST,1998-99,438,..,..,398,366,650,..,1400,1538,..,310,..,..,INDIA.STATEBIHARDISTRICT-WISE(Cont,,,,,,,,,,,,,,,,,,,,,,,,,,
,,380,..,..,..,..,..,..,..,..,..,..,..,..,INDIA.STATEBIHARDISTRICT-WISE(Cont,,,,,,,,,,,,,,,,,,,,,,,,,,
,1999-00,388,..,567,..,410,586,..,1351,1482,913,358,2700,..,INDIA.STATEBIHARDISTRICT-WISE(Cont,,,,,,,,,,,,,,,,,,,,,,,,,,
,,430,..,..,..,..,..,..,..,..,..,..,..,..,INDIA.STATEBIHARDISTRICT-WISE(Cont,,,,,,,,,,,,,,,,,,,,,,,,,,
,2000-01,..Wt,..,..,..,..,..,..,..,..,..,..,..,..,INDIA.STATEBIHARDISTRICT-WISE(Cont,,,,,,,,,,,,,,,,,,,,,,,,,,
,,..At,..,..,..,..,..,..,..,..,..,..,..,..,INDIA.STATEBIHARDISTRICT-WISE(Cont,,,,,,,,,,,,,,,,,,,,,,,,,,
BIHAR,1998-99,438,..,..,398,366,503,495,1338,1408,986,310,2450,..,INDIA.STATEBIHARDISTRICT-WISE(Cont,,,,,,,,,,,,,,,,,,,,,,,,,,
(State Weighted,,380,..,..,..,..,..,..,..,..,..,..,..,..,INDIA.STATEBIHARDISTRICT-WISE(Cont,,,,,,,,,,,,,,,,,,,,,,,,,,
Average),1999-00,430,..,567,457,410,586,500,1351,1482,913,358,2700,..,INDIA.STATEBIHARDISTRICT-WISE(Cont,,,,,,,,,,,,,,,,,,,,,,,,,,
,,388,..,..,..,..,..,..,..,..,..,..,..,..,INDIA.STATEBIHARDISTRICT-WISE(Cont,,,,,,,,,,,,,,,,,,,,,,,,,,
,2000-01,384,..,..,356,372,519,460,1522,1472,1000,365,2857,..,INDIA.STATEBIHARDISTRICT-WISE(Cont,,,,,,,,,,,,,,,,,,,,,,,,,,
,,347,..,..,..,..,..,..,..,..,..,..,..,..,INDIA.STATEBIHARDISTRICT-WISE(Cont,,,,,,,,,,,,,,,,,,,,,,,,,,
PATNA,1998-99,,,,,,,,,,,,,,INDIA.STATEBIHARDISTRICT-WISE(Cont,1450,..,1455,982,..,..,683,..,..,994,3570,2270,529,,,,,,,,,,,,,
,1999-00,,,,,,,,,,,,,,INDIA.STATEBIHARDISTRICT-WISE(Cont,1445,..,1196,1010,..,..,..,..,..,..,3085,..,..,,,,,,,,,,,,,
,2000-01,,,,,,,,,,,,,,INDIA.STATEBIHARDISTRICT-WISE(Cont,1210,..,..,..,..,..,..,..,..,..,..,..,..,,,,,,,,,,,,,
NALANDA,1998-99,,,,,,,,,,,,,,INDIA.STATEBIHARDISTRICT-WISE(Cont,1335,..,1224,..,..,..,683,..,..,..,3328,..,521,,,,,,,,,,,,,
,1999-00,,,,,,,,,,,,,,INDIA.STATEBIHARDISTRICT-WISE(Cont,1257,..,1196,..,..,..,..,..,..,..,3230,..,..,,,,,,,,,,,,,
,2000-01,,,,,,,,,,,,,,INDIA.STATEBIHARDISTRICT-WISE(Cont,1369,1792,1254,..,..,..,..,..,..,..,3073,..,..,,,,,,,,,,,,,
BHOJPUR,1998-99,,,,,,,,,,,,,,INDIA.STATEBIHARDISTRICT-WISE(Cont,1219,..,1225,..,..,..,683,..,..,..,3328,..,521,,,,,,,,,,,,,
,1999-00,,,,,,,,,,,,,,INDIA.STATEBIHARDISTRICT-WISE(Cont,1257,1520,1196,..,..,..,..,..,..,..,3230,..,..,,,,,,,,,,,,,
,2000-01,,,,,,,,,,,,,,INDIA.STATEBIHARDISTRICT-WISE(Cont,1369,1792,1254,..,..,..,..,..,..,..,..,..,..,,,,,,,,,,,,,
ROHTAS,1998-99,,,,,,,,,,,,,,INDIA.STATEBIHARDISTRICT-WISE(Cont,1565,..,1275,..,..,..,683,..,..,..,3328,2271,521,,,,,,,,,,,,,
,1999-00,,,,,,,,,,,,,,INDIA.STATEBIHARDISTRICT-WISE(Cont,1400,1520,1330,..,..,..,..,..,..,..,3715,..,..,,,,,,,,,,,,,
,2000-01,,,,,,,,,,,,,,INDIA.STATEBIHARDISTRICT-WISE(Cont,1369,1792,1253,..,..,..,831,..,..,..,3288,..,771,,,,,,,,,,,,,
BAKSAR,1998-99,,,,,,,,,,,,,,INDIA.STATEBIHARDISTRICT-WISE(Cont,1219,..,1224,..,..,..,683,..,..,..,3328,..,521,,,,,,,,,,,,,
,1999-00,,,,,,,,,,,,,,INDIA.STATEBIHARDISTRICT-WISE(Cont,1256,1520,1196,..,..,..,..,..,..,..,3230,..,..,,,,,,,,,,,,,
,2000-01,,,,,,,,,,,,,,INDIA.STATEBIHARDISTRICT-WISE(Cont,1369,1792,1254,..,..,..,..,..,..,..,3073,..,..,,,,,,,,,,,,,
GAYA,1998-99,,,,,,,,,,,,,,INDIA.STATEBIHARDISTRICT-WISE(Cont,1219,..,1366,956,..,..,683,..,..,994,3328,2271,521,,,,,,,,,,,,,
,1999-00,,,,,,,,,,,,,,INDIA.STATEBIHARDISTRICT-WISE(Cont,1449,1520,1196,926,..,..,759,..,..,..,3230,..,..,,,,,,,,,,,,,
,2000-01,,,,,,,,,,,,,,INDIA.STATEBIHARDISTRICT-WISE(Cont,1369,1792,1254,..,..,..,..,..,..,..,3073,..,..,,,,,,,,,,,,,
JAHANABAD,1998-99,,,,,,,,,,,,,,INDIA.STATEBIHARDISTRICT-WISE(Cont,1373,..,1538,..,..,..,683,..,..,994,3328,..,521,,,,,,,,,,,,,
,1999-00,,,,,,,,,,,,,,INDIA.STATEBIHARDISTRICT-WISE(Cont,1257,1520,1325,..,..,..,..,..,..,..,3555,..,..,,,,,,,,,,,,,
,2000-01,,,,,,,,,,,,,,INDIA.STATEBIHARDISTRICT-WISE(Cont,1220,1792,1393,1100,..,..,..,..,..,..,3073,..,..,,,,,,,,,,,,,
NAWODA,1998-99,,,,,,,,,,,,,,INDIA.STATEBIHARDISTRICT-WISE(Cont,1219,..,1224,982,..,..,683,..,..,..,3328,..,521,,,,,,,,,,,,,
,1999-00,,,,,,,,,,,,,,INDIA.STATEBIHARDISTRICT-WISE(Cont,1257,1520,1196,..,..,..,..,..,..,755,3230,..,..,,,,,,,,,,,,,
,2000-01,,,,,,,,,,,,,,INDIA.STATEBIHARDISTRICT-WISE(Cont,1369,1792,1254,1100,..,..,..,..,..,..,3073,..,..,,,,,,,,,,,,,
AURANGABAD,1998-99,,,,,,,,,,,,,,INDIA.STATEBIHARDISTRICT-WISE(Cont,1478,..,1325,..,..,..,683,..,..,994,3328,2271,521,,,,,,,,,,,,,
,1999-00,,,,,,,,,,,,,,INDIA.STATEBIHARDISTRICT-WISE(Cont,1463,1520,1196,..,..,..,..,..,..,..,3230,..,..,,,,,,,,,,,,,
,2000-01,,,,,,,,,,,,,,INDIA.STATEBIHARDISTRICT-WISE(Cont,1520,1792,1254,..,..,..,..,..,..,..,3073,..,771,,,,,,,,,,,,,
BHABUA,1998-99,,,,,,,,,,,,,,INDIA.STATEBIHARDISTRICT-WISE(Cont,1571,..,1278,..,..,..,683,..,..,..,3328,..,521,,,,,,,,,,,,,
,1999-00,,,,,,,,,,,,,,INDIA.STATEBIHARDISTRICT-WISE(Cont,1257,1520,..,..,..,..,..,..,..,..,3230,..,655,,,,,,,,,,,,,
,2000-01,,,,,,,,,,,,,,INDIA.STATEBIHARDISTRICT-WISE(Cont,1369,1792,1254,..,..,..,..,..,..,..,3331,..,..,,,,,,,,,,,,,
SARAN,1998-99,,,,,,,,,,,,,,INDIA.STATEBIHARDISTRICT-WISE(Cont,1219,..,1224,..,..,..,683,..,..,..,3328,..,521,,,,,,,,,,,,,
,1999-00,,,,,,,,,,,,,,INDIA.STATEBIHARDISTRICT-WISE(Cont,1257,1520,1196,..,..,..,759,..,..,..,..,..,655,,,,,,,,,,,,,
,2000-01,,,,,,,,,,,,,,INDIA.STATEBIHARDISTRICT-WISE(Cont,1369,1792,1254,..,..,..,831,..,..,..,..,..,771,,,,,,,,,,,,,
SIWAN,1998-99,,,,,,,,,,,,,,INDIA.STATEBIHARDISTRICT-WISE(Cont,1128,..,1224,..,..,..,683,..,..,994,2650,2271,521,,,,,,,,,,,,,
,1999-00,,,,,,,,,,,,,,INDIA.STATEBIHARDISTRICT-WISE(Cont,1257,1520,1196,..,..,..,..,..,..,755,3230,..,655,,,,,,,,,,,,,
,2000-01,,,,,,,,,,,,,,INDIA.STATEBIHARDISTRICT-WISE(Cont,1100,1792,1254,..,..,..,760,..,..,1050,..,..,771,,,,,,,,,,,,,
GOPAL-GANJ,1998-99,,,,,,,,,,,,,,INDIA.STATEBIHARDISTRICT-WISE(Cont,1219,..,1224,..,..,..,683,..,..,994,3328,2271,521,,,,,,,,,,,,,
,1999-00,,,,,,,,,,,,,,INDIA.STATEBIHARDISTRICT-WISE(Cont,1257,1520,1196,..,..,..,759,..,..,755,3230,..,655,,,,,,,,,,,,,
,2000-01,,,,,,,,,,,,,,INDIA.STATEBIHARDISTRICT-WISE(Cont,1369,1792,1254,..,..,..,..,..,..,..,3073,..,771,,,,,,,,,,,,,
MUZAFFARPUR,1998-99,,,,,,,,,,,,,,INDIA.STATEBIHARDISTRICT-WISE(Cont,1073,..,..,983,..,..,683,..,..,994,3328,2271,521,,,,,,,,,,,,,
,1999-00,,,,,,,,,,,,,,INDIA.STATEBIHARDISTRICT-WISE(Cont,1158,1520,1319,..,..,..,..,..,..,755,3230,..,655,,,,,,,,,,,,,
,2000-01,,,,,,,,,,,,,,INDIA.STATEBIHARDISTRICT-WISE(Cont,1254,1792,1209,..,..,..,..,..,..,1050,3073,..,771,,,,,,,,,,,,,
CHAMPARAN-EAST,1998-99,,,,,,,,,,,,,,INDIA.STATEBIHARDISTRICT-WISE(Cont,1219,1600,1224,..,..,..,683,..,..,994,..,2271,521,,,,,,,,,,,,,
,1999-00,,,,,,,,,,,,,,INDIA.STATEBIHARDISTRICT-WISE(Cont,1257,1520,1200,..,..,..,759,..,..,755,3230,..,..,,,,,,,,,,,,,
,2000-01,,,,,,,,,,,,,,INDIA.STATEBIHARDISTRICT-WISE(Cont,1400,1792,1200,..,..,..,831,..,..,..,3073,..,771,,,,,,,,,,,,,
CHAMPARAN-WEST,1998-99,,,,,,,,,,,,,,INDIA.STATEBIHARDISTRICT-WISE(Cont,1460,1577,1224,..,..,..,683,..,..,994,3328,2271,521,,,,,,,,,,,,,
,1999-00,,,,,,,,,,,,,,INDIA.STATEBIHARDISTRICT-WISE(Cont,1533,1520,1196,..,..,..,..,..,..,755,3230,..,..,,,,,,,,,,,,,
,2000-01,,,,,,,,,,,,,,INDIA.STATEBIHARDISTRICT-WISE(Cont,1369,1792,1254,..,..,..,760,..,..,1050,3073,..,..,,,,,,,,,,,,,
SITAMARHI,1998-99,,,,,,,,,,,,,,INDIA.STATEBIHARDISTRICT-WISE(Cont,1382,1577,1078,..,..,..,683,..,..,994,3328,2271,521,,,,,,,,,,,,,
,1999-00,,,,,,,,,,,,,,INDIA.STATEBIHARDISTRICT-WISE(Cont,1450,1520,1096,..,..,..,..,..,..,755,3230,..,655,,,,,,,,,,,,,
,2000-01,,,,,,,,,,,,,,INDIA.STATEBIHARDISTRICT-WISE(Cont,1569,1792,1232,..,..,..,..,..,..,..,3073,..,771,,,,,,,,,,,,,
VAISHALI,1998-99,,,,,,,,,,,,,,INDIA.STATEBIHARDISTRICT-WISE(Cont,1250,1577,1200,..,..,..,683,..,..,994,3000,2271,521,,,,,,,,,,,,,
,1999-00,,,,,,,,,,,,,,INDIA.STATEBIHARDISTRICT-WISE(Cont,1300,1520,1230,..,..,..,..,..,..,..,3200,..,655,,,,,,,,,,,,,
,2000-01,,,,,,,,,,,,,,INDIA.STATEBIHARDISTRICT-WISE(Cont,1300,1792,1250,1100,..,..,831,..,..,1050,3000,..,771,,,,,,,,,,,,,
DARBHANGA,1998-99,,,,,,,,,,,,,,INDIA.STATEBIHARDISTRICT-WISE(Cont,1219,1175,922,..,..,..,683,..,..,..,3328,2271,521,,,,,,,,,,,,,
,1999-00,,,,,,,,,,,,,,INDIA.STATEBIHARDISTRICT-WISE(Cont,1257,1520,1196,..,..,..,..,..,..,..,3230,..,655,,,,,,,,,,,,,
,2000-01,,,,,,,,,,,,,,INDIA.STATEBIHARDISTRICT-WISE(Cont,1369,1792,1254,..,..,..,..,..,..,..,3000,..,771,,,,,,,,,,,,,
MADHUBANI,1998-99,,,,,,,,,,,,,,INDIA.STATEBIHARDISTRICT-WISE(Cont,1219,1577,1518,..,..,..,683,..,..,..,3328,2271,521,,,,,,,,,,,,,
,1999-00,,,,,,,,,,,,,,INDIA.STATEBIHARDISTRICT-WISE(Cont,1257,1520,1196,..,..,..,759,..,..,..,3230,..,655,,,,,,,,,,,,,
,2000-01,,,,,,,,,,,,,,INDIA.STATEBIHARDISTRICT-WISE(Cont,1472,1792,1254,..,..,..,..,..,..,1050,3000,..,771,,,,,,,,,,,,,
SAMASTIPUR,1998-99,,,,,,,,,,,,,,INDIA.STATEBIHARDISTRICT-WISE(Cont,1179,..,1228,983,..,..,683,..,..,1163,3328,2271,521,,,,,,,,,,,,,
,1999-00,,,,,,,,,,,,,,INDIA.STATEBIHARDISTRICT-WISE(Cont,1185,1520,1196,983,..,..,759,..,..,755,3230,..,655,,,,,,,,,,,,,
,2000-01,,,,,,,,,,,,,,INDIA.STATEBIHARDISTRICT-WISE(Cont,1092,1792,1254,..,..,..,831,..,..,1050,3073,..,771,,,,,,,,,,,,,
BEGUSERAI,1998-99,,,,,,,,,,,,,,INDIA.STATEBIHARDISTRICT-WISE(Cont,1350,..,1224,982,..,..,683,..,..,..,3328,2271,521,,,,,,,,,,,,,
,1999-00,,,,,,,,,,,,,,INDIA.STATEBIHARDISTRICT-WISE(Cont,1257,1520,1196,982,..,..,759,..,..,755,3230,..,655,,,,,,,,,,,,,
,2000-01,,,,,,,,,,,,,,INDIA.STATEBIHARDISTRICT-WISE(Cont,1096,1792,..,1100,..,..,..,..,..,1050,3073,..,..,,,,,,,,,,,,,
JUMUE,1998-99,,,,,,,,,,,,,,INDIA.STATEBIHARDISTRICT-WISE(Cont,1219,..,1224,..,..,..,683,..,..,..,..,..,521,,,,,,,,,,,,,
,1999-00,,,,,,,,,,,,,,INDIA.STATEBIHARDISTRICT-WISE(Cont,1257,1520,1196,..,..,..,..,..,..,..,3230,..,..,,,,,,,,,,,,,
,2000-01,,,,,,,,,,,,,,INDIA.STATEBIHARDISTRICT-WISE(Cont,1369,1792,1254,..,..,..,..,..,..,..,..,..,..,,,,,,,,,,,,,
BHAGALPUR,1998-99,,,,,,,,,,,,,,INDIA.STATEBIHARDISTRICT-WISE(Cont,1219,..,1224,..,..,..,683,..,..,994,3328,2271,521,,,,,,,,,,,,,
,1999-00,,,,,,,,,,,,,,INDIA.STATEBIHARDISTRICT-WISE(Cont,1257,1520,1196,983,..,..,..,..,..,755,3230,..,..,,,,,,,,,,,,,
,2000-01,,,,,,,,,,,,,,INDIA.STATEBIHARDISTRICT-WISE(Cont,1277,1792,1222,1100,..,..,..,..,..,1050,3073,..,771,,,,,,,,,,,,,
MONGHYR,1998-99,,,,,,,,,,,,,,INDIA.STATEBIHARDISTRICT-WISE(Cont,1219,..,1224,..,..,..,683,..,..,..,3328,..,521,,,,,,,,,,,,,
,1999-00,,,,,,,,,,,,,,INDIA.STATEBIHARDISTRICT-WISE(Cont,1257,1520,1196,..,..,..,..,..,..,..,3230,..,..,,,,,,,,,,,,,
,2000-01,,,,,,,,,,,,,,INDIA.STATEBIHARDISTRICT-WISE(Cont,1369,1792,1254,..,..,..,..,..,..,..,..,..,..,,,,,,,,,,,,,
KHAGARIA,1998-99,,,,,,,,,,,,,,INDIA.STATEBIHARDISTRICT-WISE(Cont,1275,..,1224,983,..,..,683,..,..,..,3328,2271,521,,,,,,,,,,,,,
,1999-00,,,,,,,,,,,,,,INDIA.STATEBIHARDISTRICT-WISE(Cont,1165,1520,1196,983,..,..,..,..,..,..,3230,..,655,,,,,,,,,,,,,
,2000-01,,,,,,,,,,,,,,INDIA.STATEBIHARDISTRICT-WISE(Cont,1090,1792,1254,1100,..,..,..,..,..,..,2848,..,771,,,,,,,,,,,,,
SAHARSA,1998-99,,,,,,,,,,,,,,INDIA.STATEBIHARDISTRICT-WISE(Cont,1300,..,1200,..,..,..,683,..,..,994,3328,2271,950,,,,,,,,,,,,,
,1999-00,,,,,,,,,,,,,,INDIA.STATEBIHARDISTRICT-WISE(Cont,1200,1520,1150,..,..,..,759,..,..,..,3230,..,655,,,,,,,,,,,,,
,2000-01,,,,,,,,,,,,,,INDIA.STATEBIHARDISTRICT-WISE(Cont,1350,1792,1250,..,..,..,..,..,..,..,..,..,771,,,,,,,,,,,,,
BAKA,1998-99,,,,,,,,,,,,,,INDIA.STATEBIHARDISTRICT-WISE(Cont,1219,..,1338,..,..,..,683,..,..,994,3328,..,601,,,,,,,,,,,,,
,1999-00,,,,,,,,,,,,,,INDIA.STATEBIHARDISTRICT-WISE(Cont,1257,1520,1196,..,..,..,..,..,..,..,3230,..,..,,,,,,,,,,,,,
,2000-01,,,,,,,,,,,,,,INDIA.STATEBIHARDISTRICT-WISE(Cont,1369,1792,1275,..,..,..,..,..,..,..,3073,..,771,,,,,,,,,,,,,
MADHUPURA,1998-99,,,,,,,,,,,,,,INDIA.STATEBIHARDISTRICT-WISE(Cont,1001,..,1001,..,..,..,683,..,..,994,2394,2271,521,,,,,,,,,,,,,
,1999-00,,,,,,,,,,,,,,INDIA.STATEBIHARDISTRICT-WISE(Cont,1257,1520,1196,..,..,..,759,..,..,755,3230,..,632,,,,,,,,,,,,,
,2000-01,,,,,,,,,,,,,,INDIA.STATEBIHARDISTRICT-WISE(Cont,1488,1792,1254,..,..,..,..,..,..,1050,2856,..,..,,,,,,,,,,,,,
PURNEA,1998-99,,,,,,,,,,,,,,INDIA.STATEBIHARDISTRICT-WISE(Cont,1306,..,1386,..,..,..,687,..,..,994,3328,2271,521,,,,,,,,,,,,,
,1999-00,,,,,,,,,,,,,,INDIA.STATEBIHARDISTRICT-WISE(Cont,1300,1520,1196,..,..,..,733,..,..,755,3230,..,668,,,,,,,,,,,,,
,2000-01,,,,,,,,,,,,,,INDIA.STATEBIHARDISTRICT-WISE(Cont,1369,1792,1254,..,..,..,..,..,..,1050,3073,..,..,,,,,,,,,,,,,
KISHANGANJ,1998-99,,,,,,,,,,,,,,INDIA.STATEBIHARDISTRICT-WISE(Cont,1306,..,1013,..,..,..,687,..,..,994,3328,2271,521,,,,,,,,,,,,,
,1999-00,,,,,,,,,,,,,,INDIA.STATEBIHARDISTRICT-WISE(Cont,..,1520,1196,..,..,..,892,..,..,755,3230,..,668,,,,,,,,,,,,,
,2000-01,,,,,,,,,,,,,,INDIA.STATEBIHARDISTRICT-WISE(Cont,1369,1792,1254,..,..,..,..,..,..,1050,3073,..,..,,,,,,,,,,,,,
AURAIYA,1998-99,,,,,,,,,,,,,,INDIA.STATEBIHARDISTRICT-WISE(Cont,1064,..,..,..,..,..,685,..,..,994,3328,2271,521,,,,,,,,,,,,,
,1999-00,,,,,,,,,,,,,,INDIA.STATEBIHARDISTRICT-WISE(Cont,1257,1520,1196,..,..,..,772,..,..,755,3230,..,649,,,,,,,,,,,,,
,2000-01,,,,,,,,,,,,,,INDIA.STATEBIHARDISTRICT-WISE(Cont,1369,1792,1254,..,..,..,..,..,..,1050,3073,..,..,,,,,,,,,,,,,
SUPPOLE,1998-99,,,,,,,,,,,,,,INDIA.STATEBIHARDISTRICT-WISE(Cont,1200,..,1050,..,..,..,683,..,..,..,3328,2271,521,,,,,,,,,,,,,
,1999-00,,,,,,,,,,,,,,INDIA.STATEBIHARDISTRICT-WISE(Cont,1200,1520,1200,..,..,..,759,..,..,755,..,..,650,,,,,,,,,,,,,
,2000-01,,,,,,,,,,,,,,INDIA.STATEBIHARDISTRICT-WISE(Cont,1360,1792,1255,..,..,..,..,..,..,..,3073,..,771,,,,,,,,,,,,,
KATIHAR,1998-99,,,,,,,,,,,,,,INDIA.STATEBIHARDISTRICT-WISE(Cont,1172,..,1224,..,..,..,683,..,..,994,3328,2271,..,,,,,,,,,,,,,
,1999-00,,,,,,,,,,,,,,INDIA.STATEBIHARDISTRICT-WISE(Cont,1179,1520,1196,..,..,..,690,..,..,755,3230,..,625,,,,,,,,,,,,,
,2000-01,,,,,,,,,,,,,,INDIA.STATEBIHARDISTRICT-WISE(Cont,1369,1792,1254,1100,..,..,..,..,..,1050,3073,..,771,,,,,,,,,,,,,
DUMKA,1998-99,,,,,,,,,,,,,,INDIA.STATEBIHARDISTRICT-WISE(Cont,1550,1577,1224,..,..,..,683,..,..,..,3328,..,521,,,,,,,,,,,,,
,1999-00,,,,,,,,,,,,,,INDIA.STATEBIHARDISTRICT-WISE(Cont,1257,1520,..,..,..,..,759,..,..,..,3230,..,655,,,,,,,,,,,,,
,2000-01,,,,,,,,,,,,,,INDIA.STATEBIHARDISTRICT-WISE(Cont,..,1792,..,..,..,..,..,..,..,..,..,..,..,,,,,,,,,,,,,
SRIKAKULAM,1998-99,475,498,374,456,412,..,..,..,1517,1007,..,..,1027,INDIA.STATEANDHRAPRADESHDISTRICT-W,,,,,,,,,,,,,,,,,,,,,,,,,,
,1999-00,523,607,383,439,430,..,..,..,1468,947,..,..,1013,INDIA.STATEANDHRAPRADESHDISTRICT-W,,,,,,,,,,,,,,,,,,,,,,,,,,
,2000-01,512,462,376,386,423,..,..,..,1209,920,..,2090,1026,INDIA.STATEANDHRAPRADESHDISTRICT-W,,,,,,,,,,,,,,,,,,,,,,,,,,
VIZIANAGRAM,1998-99,472,498,421,456,440,..,..,1164,1517,981,..,4094,1132,INDIA.STATEANDHRAPRADESHDISTRICT-W,,,,,,,,,,,,,,,,,,,,,,,,,,
,1999-00,528,607,384,439,481,..,..,1458,1468,947,..,3213,1110,INDIA.STATEANDHRAPRADESHDISTRICT-W,,,,,,,,,,,,,,,,,,,,,,,,,,
,2000-01,507,461,431,386,444,..,..,2243,1209,920,..,2090,1120,INDIA.STATEANDHRAPRADESHDISTRICT-W,,,,,,,,,,,,,,,,,,,,,,,,,,
VISAKHAPATNAM,1998-99,469,498,467,456,428,..,..,1164,1517,981,..,4094,1252,INDIA.STATEANDHRAPRADESHDISTRICT-W,,,,,,,,,,,,,,,,,,,,,,,,,,
,1999-00,532,607,554,439,441,..,..,1458,1468,947,..,3213,1335,INDIA.STATEANDHRAPRADESHDISTRICT-W,,,,,,,,,,,,,,,,,,,,,,,,,,
,2000-01,507,462,431,386,444,..,..,2243,1246,920,..,2090,1121,INDIA.STATEANDHRAPRADESHDISTRICT-W,,,,,,,,,,,,,,,,,,,,,,,,,,
EAST-GODAVARI,1998-99,478,498,414,456,427,..,..,..,1517,981,..,4547,1203,INDIA.STATEANDHRAPRADESHDISTRICT-W,,,,,,,,,,,,,,,,,,,,,,,,,,
,1999-00,538,607,554,439,441,..,..,1458,1468,964,..,3213,1335,INDIA.STATEANDHRAPRADESHDISTRICT-W,,,,,,,,,,,,,,,,,,,,,,,,,,
,2000-01,516,461,321,386,440,..,..,2243,1209,920,..,2090,1305,INDIA.STATEANDHRAPRADESHDISTRICT-W,,,,,,,,,,,,,,,,,,,,,,,,,,
WEST-GODAVARI,1998-99,467,498,414,456,..,..,..,1164,1517,954,..,4547,1203,INDIA.STATEANDHRAPRADESHDISTRICT-W,,,,,,,,,,,,,,,,,,,,,,,,,,
,1999-00,533,607,..,439,..,..,..,1458,1468,964,..,3835,1335,INDIA.STATEANDHRAPRADESHDISTRICT-W,,,,,,,,,,,,,,,,,,,,,,,,,,
,2000-01,496,462,..,486,..,..,..,2243,1246,920,..,2090,1209/,INDIA.STATEANDHRAPRADESHDISTRICT-W,,,,,,,,,,,,,,,,,,,,,,,,,,
KRISHNA,1998-99,485,522,414,456,413,..,..,1164,1517,981,..,4547,1375,INDIA.STATEANDHRAPRADESHDISTRICT-W,,,,,,,,,,,,,,,,,,,,,,,,,,
,1999-00,513,607,..,439,476,..,..,1458,1468,964,..,3100,1327,INDIA.STATEANDHRAPRADESHDISTRICT-W,,,,,,,,,,,,,,,,,,,,,,,,,,
,2000-01,504,462,321,386,..,..,..,2243,1246,1010,..,2090,1305,INDIA.STATEANDHRAPRADESHDISTRICT-W,,,,,,,,,,,,,,,,,,,,,,,,,,
GUNTUR,1998-99,518,498,414,456,445,..,..,1164,1517,981,..,4094,1231,INDIA.STATEANDHRAPRADESHDISTRICT-W,,,,,,,,,,,,,,,,,,,,,,,,,,
,1999 00,520,607,512,439,476,..,..,1458,1520,772,..,3092,1169,INDIA.STATEANDHRAPRADESHDISTRICT-W,,,,,,,,,,,,,,,,,,,,,,,,,,
,2000-01,493,462,321,386,390,..,..,2243,1232,1010,..,..,1221,INDIA.STATEANDHRAPRADESHDISTRICT-W,,,,,,,,,,,,,,,,,,,,,,,,,,
PRAKASAN,1998-99,527,498,400,456,445,..,..,1164,1517,981,..,4449,1143,INDIA.STATEANDHRAPRADESHDISTRICT-W,,,,,,,,,,,,,,,,,,,,,,,,,,
,1999-00,557,462,512,439,451,..,..,1458,1585,772,..,3092,1035,INDIA.STATEANDHRAPRADESHDISTRICT-W,,,,,,,,,,,,,,,,,,,,,,,,,,
,2000-01,504,384,321,386,440,..,..,2243,1283,720,..,2090,1114,INDIA.STATEANDHRAPRADESHDISTRICT-W,,,,,,,,,,,,,,,,,,,,,,,,,,
GODHA,1998-99,,,,,,,,,,,,,,INDIA.STATEBIHARDISTRICT-WISE(Cont,1337,..,1112,..,..,..,683,..,..,..,3328,..,521,,,,,,,,,,,,,
,1999-99,,,,,,,,,,,,,,INDIA.STATEBIHARDISTRICT-WISE(Cont,1420,1520,1262,..,..,..,..,..,..,..,3230,..,655,,,,,,,,,,,,,
,2000-01,,,,,,,,,,,,,,INDIA.STATEBIHARDISTRICT-WISE(Cont,..,1792,..,..,..,..,..,..,..,..,..,..,..,,,,,,,,,,,,,
DEOGHAR,1998-99,,,,,,,,,,,,,,INDIA.STATEBIHARDISTRICT-WISE(Cont,1219,..,..,..,..,..,683,..,..,..,3328,..,521,,,,,,,,,,,,,
,1999-00,,,,,,,,,,,,,,INDIA.STATEBIHARDISTRICT-WISE(Cont,1257,1520,..,..,..,..,..,..,..,..,3230,..,655,,,,,,,,,,,,,
,2000-01,,,,,,,,,,,,,,INDIA.STATEBIHARDISTRICT-WISE(Cont,..,..,..,..,..,..,..,..,..,..,..,..,..,,,,,,,,,,,,,
CHATRA,1998-99,,,,,,,,,,,,,,INDIA.STATEBIHARDISTRICT-WISE(Cont,1219,..,1127,..,..,..,683,..,..,..,..,..,521,,,,,,,,,,,,,
,1999-00,,,,,,,,,,,,,,INDIA.STATEBIHARDISTRICT-WISE(Cont,1257,1520,1000,..,..,..,..,..,..,..,..,..,..,,,,,,,,,,,,,
,2000-01,,,,,,,,,,,,,,INDIA.STATEBIHARDISTRICT-WISE(Cont,..,..,..,..,..,..,..,..,..,..,..,..,..,,,,,,,,,,,,,
SAHEBGANJ,1998-99,,,,,,,,,,,,,,INDIA.STATEBIHARDISTRICT-WISE(Cont,1138,..,1224,..,..,..,683,..,..,..,..,..,521,,,,,,,,,,,,,
,1999-00,,,,,,,,,,,,,,INDIA.STATEBIHARDISTRICT-WISE(Cont,1257,1520,1196,..,..,..,..,..,..,..,..,..,655,,,,,,,,,,,,,
,2000-01,,,,,,,,,,,,,,INDIA.STATEBIHARDISTRICT-WISE(Cont,..,..,..,..,..,..,..,..,..,..,..,..,..,,,,,,,,,,,,,
HAZARIBAGH,1998-99,,,,,,,,,,,,,,INDIA.STATEBIHARDISTRICT-WISE(Cont,1219,..,1147,..,..,..,683,..,..,..,3328,..,521,,,,,,,,,,,,,
,1999-00,,,,,,,,,,,,,,INDIA.STATEBIHARDISTRICT-WISE(Cont,1257,1520,1006,..,..,..,..,..,..,755,3230,..,..,,,,,,,,,,,,,
,2000-01,,,,,,,,,,,,,,INDIA.STATEBIHARDISTRICT-WISE(Cont,..,..,..,..,..,..,..,..,..,..,..,..,..,,,,,,,,,,,,,
GIRIDIHI,1998-99,,,,,,,,,,,,,,INDIA.STATEBIHARDISTRICT-WISE(Cont,1219,1520,1224,..,..,..,..,..,..,..,3328,..,521,,,,,,,,,,,,,
,1999-00,,,,,,,,,,,,,,INDIA.STATEBIHARDISTRICT-WISE(Cont,1257,..,..,..,..,..,..,..,..,..,3230,..,..,,,,,,,,,,,,,
,2000-01,,,,,,,,,,,,,,INDIA.STATEBIHARDISTRICT-WISE(Cont,..,..,..,..,..,..,..,..,..,..,..,..,..,,,,,,,,,,,,,
DHANBAD,1998-99,,,,,,,,,,,,,,INDIA.STATEBIHARDISTRICT-WISE(Cont,1219,..,..,..,..,..,..,..,..,..,3328,..,521,,,,,,,,,,,,,
,1999-00,,,,,,,,,,,,,,INDIA.STATEBIHARDISTRICT-WISE(Cont,1257,1520,..,..,..,..,..,..,..,..,3230,..,..,,,,,,,,,,,,,
,2000-01,,,,,,,,,,,,,,INDIA.STATEBIHARDISTRICT-WISE(Cont,..,..,..,..,..,..,..,..,..,..,..,..,..,,,,,,,,,,,,,
BHOKARO,1998-99,,,,,,,,,,,,,,INDIA.STATEBIHARDISTRICT-WISE(Cont,1219,..,..,..,..,..,..,..,..,..,..,..,521,,,,,,,,,,,,,
,1999-00,,,,,,,,,,,,,,INDIA.STATEBIHARDISTRICT-WISE(Cont,1257,1520,..,..,..,..,..,..,..,..,..,..,..,,,,,,,,,,,,,
,2000-01,,,,,,,,,,,,,,INDIA.STATEBIHARDISTRICT-WISE(Cont,..,..,..,..,..,..,..,..,..,..,..,..,..,,,,,,,,,,,,,
RANCHI,1998-99,,,,,,,,,,,,,,INDIA.STATEBIHARDISTRICT-WISE(Cont,1219,..,1224,..,..,..,..,..,..,900,3328,..,521,,,,,,,,,,,,,
,1999-00,,,,,,,,,,,,,,INDIA.STATEBIHARDISTRICT-WISE(Cont,1257,1520,1196,..,..,..,..,..,..,755,3230,..,..,,,,,,,,,,,,,
,2000-01,,,,,,,,,,,,,,INDIA.STATEBIHARDISTRICT-WISE(Cont,..,..,..,..,..,..,..,..,..,..,..,..,..,,,,,,,,,,,,,
LOHARDURGA,1998-99,,,,,,,,,,,,,,INDIA.STATEBIHARDISTRICT-WISE(Conc,1591,..,1224,..,..,..,683,..,..,994,3271,..,521,,,,,,,,,,,,,
,1999-00,,,,,,,,,,,,,,INDIA.STATEBIHARDISTRICT-WISE(Conc,1257,1520,1196,..,..,..,..,..,..,755,3230,..,..,,,,,,,,,,,,,
,2000-01,,,,,,,,,,,,,,INDIA.STATEBIHARDISTRICT-WISE(Conc,..,..,..,..,..,..,..,..,..,..,..,..,..,,,,,,,,,,,,,
GUMLA,1998-99,,,,,,,,,,,,,,INDIA.STATEBIHARDISTRICT-WISE(Conc,1219,..,1224,..,..,..,683,..,..,994,3328,..,521,,,,,,,,,,,,,
,1999-00,,,,,,,,,,,,,,INDIA.STATEBIHARDISTRICT-WISE(Conc,1257,1520,1196,..,..,..,..,..,..,..,3230,..,..,,,,,,,,,,,,,
,2000-01,,,,,,,,,,,,,,INDIA.STATEBIHARDISTRICT-WISE(Conc,..,..,..,..,..,..,..,..,..,..,..,..,..,,,,,,,,,,,,,
PALAMAU,1998-99,,,,,,,,,,,,,,INDIA.STATEBIHARDISTRICT-WISE(Conc,1219,1577,1224,..,..,..,683,..,..,..,3328,..,521,,,,,,,,,,,,,
,1999-00,,,,,,,,,,,,,,INDIA.STATEBIHARDISTRICT-WISE(Conc,1257,1520,1196,..,..,..,..,..,..,..,3230,..,..,,,,,,,,,,,,,
,2000-01,,,,,,,,,,,,,,INDIA.STATEBIHARDISTRICT-WISE(Conc,..,..,..,..,..,..,..,..,..,..,..,..,..,,,,,,,,,,,,,
GHARBHI,1998-99,,,,,,,,,,,,,,INDIA.STATEBIHARDISTRICT-WISE(Conc,1219,..,1224,982,..,..,683,..,..,994,3328,2271,521,,,,,,,,,,,,,
,1999-00,,,,,,,,,,,,,,INDIA.STATEBIHARDISTRICT-WISE(Conc,1257,1520,1196,983,..,..,..,..,..,..,3230,..,..,,,,,,,,,,,,,
,2000-01,,,,,,,,,,,,,,INDIA.STATEBIHARDISTRICT-WISE(Conc,..,..,..,..,..,..,..,..,..,..,..,..,..,,,,,,,,,,,,,
SINGHBHUM-EAST,1998-99,,,,,,,,,,,,,,INDIA.STATEBIHARDISTRICT-WISE(Conc,1219,1577,1224,..,..,..,683,..,..,..,..,..,521,,,,,,,,,,,,,
,1999-00,,,,,,,,,,,,,,INDIA.STATEBIHARDISTRICT-WISE(Conc,1257,1520,1196,..,..,..,..,..,..,..,3230,..,..,,,,,,,,,,,,,
,2000-01,,,,,,,,,,,,,,INDIA.STATEBIHARDISTRICT-WISE(Conc,..,..,..,..,..,..,..,..,..,..,..,..,..,,,,,,,,,,,,,
SINGHBHUM-WEST,1998-99,,,,,,,,,,,,,,INDIA.STATEBIHARDISTRICT-WISE(Conc,1219,1577,1495,983,..,..,683,..,..,..,..,..,521,,,,,,,,,,,,,
,1999-00,,,,,,,,,,,,,,INDIA.STATEBIHARDISTRICT-WISE(Conc,1257,1520,1196,..,..,..,..,..,..,..,3230,..,655,,,,,,,,,,,,,
,2000-01,,,,,,,,,,,,,,INDIA.STATEBIHARDISTRICT-WISE(Conc,..,..,..,..,..,..,..,..,..,..,..,..,..,,,,,,,,,,,,,
BIHAR,1998-99,,,,,,,,,,,,,,INDIA.STATEBIHARDISTRICT-WISE(Conc,1219,1577,1224,982,..,..,683,..,..,994,3328,2271,521,,,,,,,,,,,,,
(S.W.Average),1999-00,,,,,,,,,,,,,,INDIA.STATEBIHARDISTRICT-WISE(Conc,1257,1520,1196,983,..,..,759,..,..,755,3230,..,655,,,,,,,,,,,,,
,2000-01,,,,,,,,,,,,,,INDIA.STATEBIHARDISTRICT-WISE(Conc,1369,1792,1254,1100,..,..,831,..,..,1050,3073,..,771,,,,,,,,,,,,,
CHANDIGARH,1998-99,494,..,..,550,..,510,..,..,..,..,200,..,..,CHANDIGARH(Concluded).,,,,,,,,,,,,,,,,,,,,,,,,,,
,1999-00,425,..,..,..,..,511,..,..,..,..,..,..,..,CHANDIGARH(Concluded).,,,,,,,,,,,,,,,,,,,,,,,,,,
,2000-01,421,..,..,..,..,500,..,..,..,..,..,..,..,CHANDIGARH(Concluded).,,,,,,,,,,,,,,,,,,,,,,,,,,
CHANDIGARH,1998-99,494,..,..,550,..,510,..,..,..,..,200,..,..,CHANDIGARH(Concluded).,,,,,,,,,,,,,,,,,,,,,,,,,,
(S.W.Average),1999-00,425,..,..,..,..,511,..,..,..,..,..,..,..,CHANDIGARH(Concluded).,,,,,,,,,,,,,,,,,,,,,,,,,,
,2000-01,421,..,..,..,..,500,..,..,..,..,..,..,..,CHANDIGARH(Concluded).,,,,,,,,,,,,,,,,,,,,,,,,,,
CHANDIGARH,1998-99,,,,,,,,,,,,,,CHANDIGARH(Concluded).,..,..,..,..,..,..,..,..,..,..,..,..,..,,,,,,,,,,,,,
,1999-00,,,,,,,,,,,,,,CHANDIGARH(Concluded).,..,..,..,..,..,..,..,..,..,..,..,..,..,,,,,,,,,,,,,
,2000-01,,,,,,,,,,,,,,CHANDIGARH(Concluded).,..,..,..,..,..,..,..,..,..,..,..,..,..,,,,,,,,,,,,,
CHANDIGARH,1998-99,,,,,,,,,,,,,,CHANDIGARH(Concluded).,..,..,..,..,..,..,..,..,..,..,..,..,..,,,,,,,,,,,,,
(S.W.Average),1999-00,,,,,,,,,,,,,,CHANDIGARH(Concluded).,..,..,..,..,..,..,..,..,..,..,..,..,..,,,,,,,,,,,,,
,2000-01,,,,,,,,,,,,,,CHANDIGARH(Concluded).,..,..,..,..,..,..,..,..,..,..,..,..,..,,,,,,,,,,,,,
DELHI,1998-99,3168r&,..,417,..,..,704,531,1390,1939,1110,615,..,..,DELHI(Concluded),,,,,,,,,,,,,,,,,,,,,,,,,,
,1999-00,3680r&,675,577,680,..,686,545,1389,1813,963,209,..,..,DELHI(Concluded),,,,,,,,,,,,,,,,,,,,,,,,,,
,2000-01,3400r&,450,375,470,..,780,588,1436,1630,1165,206,..,..,DELHI(Concluded),,,,,,,,,,,,,,,,,,,,,,,,,,
DELHI,1998-99,3168r&,..,417,..,..,704,531,1390,1939,1110,615,..,..,DELHI(Concluded),,,,,,,,,,,,,,,,,,,,,,,,,,
(State weighted,1999-00,3680r&,675,577,680,..,686,545,1389,1813,963,209,..,..,DELHI(Concluded),,,,,,,,,,,,,,,,,,,,,,,,,,
average),2000-01,3400r&,450,375,470,..,780,588,1436,1630,1165,206,..,..,DELHI(Concluded),,,,,,,,,,,,,,,,,,,,,,,,,,
DELHI,1998-99,,,,,,,,,,,,,,DELHI(Concluded),1807,..,..,..,..,..,..,..,..,..,4899,..,..,,,,,,,,,,,,,
,1999-00,,,,,,,,,,,,,,DELHI(Concluded),1383,..,..,..,..,..,..,..,..,..,4553,..,..,,,,,,,,,,,,,
,2000-00,,,,,,,,,,,,,,DELHI(Concluded),1231,..,..,..,..,..,..,..,..,..,4518,..,..,,,,,,,,,,,,,
DELHI,1998-99,,,,,,,,,,,,,,DELHI(Concluded),1807,..,..,..,..,..,..,..,..,..,4899,..,..,,,,,,,,,,,,,
(State weighted,1999-00,,,,,,,,,,,,,,DELHI(Concluded),1383,..,..,..,..,..,..,..,..,..,4553,..,..,,,,,,,,,,,,,
average),2000-01,,,,,,,,,,,,,,DELHI(Concluded),1231,..,..,..,..,..,..,..,..,..,4518,..,..,,,,,,,,,,,,,
DADRA&NAGAR,1998-99,491,..,..,..,530,..,..,..,1886,..,..,..,..,DADRA&NAGARHAVELI(Concluded).,,,,,,,,,,,,,,,,,,,,,,,,,,
HAVELI,1999-00,530,..,..,..,425,..,..,..,1848,..,..,..,..,DADRA&NAGARHAVELI(Concluded).,,,,,,,,,,,,,,,,,,,,,,,,,,
,2000-01,464,..,..,..,532,..,..,..,1932,..,..,..,..,DADRA&NAGARHAVELI(Concluded).,,,,,,,,,,,,,,,,,,,,,,,,,,
DADRA&NAGAR,1998-99,491,..,..,..,530,..,..,..,1886,..,..,..,..,DADRA&NAGARHAVELI(Concluded).,,,,,,,,,,,,,,,,,,,,,,,,,,
HAVELI,1999-00,530,..,..,..,425,..,..,..,1848,..,..,..,..,DADRA&NAGARHAVELI(Concluded).,,,,,,,,,,,,,,,,,,,,,,,,,,
(S.W.Average),2000-01,464,..,..,..,532,..,..,..,1932,..,..,..,..,DADRA&NAGARHAVELI(Concluded).,,,,,,,,,,,,,,,,,,,,,,,,,,
DADRA&NAGAR,1998-99,,,,,,,,,,,,,,DADRA&NAGARHAVELI(Concluded).,..,..,..,..,..,..,..,..,..,..,..,..,..,,,,,,,,,,,,,
HAVELI,1999-00,,,,,,,,,,,,,,DADRA&NAGARHAVELI(Concluded).,..,..,..,..,..,..,..,..,..,..,..,..,..,,,,,,,,,,,,,
,2000-01,,,,,,,,,,,,,,DADRA&NAGARHAVELI(Concluded).,..,..,..,..,..,..,..,..,..,..,..,..,..,,,,,,,,,,,,,
DADRA&NAGAR,1998-99,,,,,,,,,,,,,,DADRA&NAGARHAVELI(Concluded).,..,..,..,..,..,. .,..,..,..,..,..,..,..,,,,,,,,,,,,,
HAVELI,1999-00,,,,,,,,,,,,,,DADRA&NAGARHAVELI(Concluded).,..,..,..,..,..,..,..,..,..,..,..,..,..,,,,,,,,,,,,,
(S.W.Average),2000-01,,,,,,,,,,,,,,DADRA&NAGARHAVELI(Concluded).,..,..,..,..,..,..,..,..,..,..,..,..,..,,,,,,,,,,,,,
GOA,1998-99,460,..,..,..,550,..,..,..,..,70,..,..,..,INDIA.STATEGOADISTRICT-WISE(Conclu,,,,,,,,,,,,,,,,,,,,,,,,,,
GOA,1999-00,525,..,..,..,560,..,..,..,..,70,..,..,..,INDIA.STATEGOADISTRICT-WISE(Conclu,,,,,,,,,,,,,,,,,,,,,,,,,,
,2000-01,535,..,..,..,600,..,..,..,..,80,..,..,..,INDIA.STATEGOADISTRICT-WISE(Conclu,,,,,,,,,,,,,,,,,,,,,,,,,,
GOA,1998-99,460,..,..,..,550,..,..,..,..,70,..,..,..,INDIA.STATEGOADISTRICT-WISE(Conclu,,,,,,,,,,,,,,,,,,,,,,,,,,
(State weighted,1999-00,525,..,..,..,560,..,..,..,..,70,..,..,..,INDIA.STATEGOADISTRICT-WISE(Conclu,,,,,,,,,,,,,,,,,,,,,,,,,,
average),2000-01,535,..,..,..,600,..,..,..,..,80,..,..,..,INDIA.STATEGOADISTRICT-WISE(Conclu,,,,,,,,,,,,,,,,,,,,,,,,,,
GOA,1998-99,,,,,,,,,,,,,,INDIA.STATEGOADISTRICT-WISE(Conclu,..,..,..,..,..,..,..,..,..,..,..,..,..,,,,,,,,,,,,,
,1999-00,,,,,,,,,,,,,,INDIA.STATEGOADISTRICT-WISE(Conclu,..,..,..,..,..,..,..,..,..,..,..,..,..,,,,,,,,,,,,,
,2000-01,,,,,,,,,,,,,,INDIA.STATEGOADISTRICT-WISE(Conclu,..,..,..,..,..,..,..,..,..,..,..,..,..,,,,,,,,,,,,,
GOA,1998-99,,,,,,,,,,,,,,INDIA.STATEGOADISTRICT-WISE(Conclu,..,..,..,..,..,..,..,..,..,..,..,..,..,,,,,,,,,,,,,
(State weighted,1999-00,,,,,,,,,,,,,,INDIA.STATEGOADISTRICT-WISE(Conclu,..,..,..,..,..,..,..,..,..,..,..,..,..,,,,,,,,,,,,,
average),2000-01,,,,,,,,,,,,,,INDIA.STATEGOADISTRICT-WISE(Conclu,..,..,..,..,..,..,..,..,..,..,..,..,..,,,,,,,,,,,,,
NELLORE,1998-99,495,498,422,456,429,..,..,1164,1517,981,..,..,1224,INDIA.STATEANDHRAPRADESHDISTRICT-W,,,,,,,,,,,,,,,,,,,,,,,,,,
,1999-00,531,462,432,439,451,..,..,1458,1585,772,..,4585,1263,INDIA.STATEANDHRAPRADESHDISTRICT-W,,,,,,,,,,,,,,,,,,,,,,,,,,
,2000-01,481,384,364,372,440,..,..,2243,1082,720,..,2090,1246,INDIA.STATEANDHRAPRADESHDISTRICT-W,,,,,,,,,,,,,,,,,,,,,,,,,,
CHITTOOR,1998-99,488,640,405,443,435,..,..,..,1440,981,..,..,1205,INDIA.STATEANDHRAPRADESHDISTRICT-W,,,,,,,,,,,,,,,,,,,,,,,,,,
,1999-00,629,659,463,439,492,..,..,..,1253,910,..,4585,1208,INDIA.STATEANDHRAPRADESHDISTRICT-W,,,,,,,,,,,,,,,,,,,,,,,,,,
,2000-01,485,372,383,372,437,..,..,..,880,879,..,2090,1108,INDIA.STATEANDHRAPRADESHDISTRICT-W,,,,,,,,,,,,,,,,,,,,,,,,,,
CUDDAPAH,1998-99,553,630,430,443,446,..,..,1164,1440,981,..,..,1302,INDIA.STATEANDHRAPRADESHDISTRICT-W,,,,,,,,,,,,,,,,,,,,,,,,,,
,1999-00,628,659,481,439,520,..,..,1458,1253,910,..,..,1197,INDIA.STATEANDHRAPRADESHDISTRICT-W,,,,,,,,,,,,,,,,,,,,,,,,,,
,2000-01,512,393,316,372,446,..,..,1433,1230,879,..,2090,1183,INDIA.STATEANDHRAPRADESHDISTRICT-W,,,,,,,,,,,,,,,,,,,,,,,,,,
ANANTAPUR,1998-99,524,750,438,443,462,..,..,1117,1440,981,..,..,1431,INDIA.STATEANDHRAPRADESHDISTRICT-W,,,,,,,,,,,,,,,,,,,,,,,,,,
,1999-00,615,691,525,455,533,..,..,1458,1253,910,..,..,1354,INDIA.STATEANDHRAPRADESHDISTRICT-W,,,,,,,,,,,,,,,,,,,,,,,,,,
,2000-01,471,478,414,372,467,..,..,1433,1160,879,..,2090,1267,INDIA.STATEANDHRAPRADESHDISTRICT-W,,,,,,,,,,,,,,,,,,,,,,,,,,
KURNOOL,1998-99,513,765,406,443,448,..,..,1210,1440,981,..,3977,1279,INDIA.STATEANDHRAPRADESHDISTRICT-W,,,,,,,,,,,,,,,,,,,,,,,,,,
,1999-00,628,684,510,455,506,..,..,1318,1351,910,..,4585,1232,INDIA.STATEANDHRAPRADESHDISTRICT-W,,,,,,,,,,,,,,,,,,,,,,,,,,
,2000-01,502,458,378,372,489,..,..,1467,1281,879,..,2090,1117,INDIA.STATEANDHRAPRADESHDISTRICT-W,,,,,,,,,,,,,,,,,,,,,,,,,,
MAHBUBNAGAR,1998-99,450,607,347,469,402,..,..,1267,1754,981,..,..,1229,INDIA.STATEANDHRAPRADESHDISTRICT-W,,,,,,,,,,,,,,,,,,,,,,,,,,
,1999-00,604,766,510,457,466,..,..,1291,1450,910,..,..,1232,INDIA.STATEANDHRAPRADESHDISTRICT-W,,,,,,,,,,,,,,,,,,,,,,,,,,
,2000-01,520,451,351,372,405,..,..,1575,1268,..,..,2090,1098,INDIA.STATEANDHRAPRADESHDISTRICT-W,,,,,,,,,,,,,,,,,,,,,,,,,,
RANGAREDDY,1998-99,462,665,394,436,398,..,..,996,1650,981,..,..,1156,INDIA.STATEANDHRAPRADESHDISTRICT-W,,,,,,,,,,,,,,,,,,,,,,,,,,
,1999-00,539,749,510,457,425,..,..,1298,1576,686,..,..,1139,INDIA.STATEANDHRAPRADESHDISTRICT-W,,,,,,,,,,,,,,,,,,,,,,,,,,
,2000-01,476,596,351,379,451,..,..,1264,1485,757,..,..,1178,INDIA.STATEANDHRAPRADESHDISTRICT-W,,,,,,,,,,,,,,,,,,,,,,,,,,
MEDAK,1998-99,475,513,374,430,400,..,..,1062,1572,981,..,4391,1284,INDIA.STATEANDHRAPRADESHDISTRICT-W,,,,,,,,,,,,,,,,,,,,,,,,,,
,1999-00,508,722,510,433,425,..,..,1298,1450,686,..,4585,1276,INDIA.STATEANDHRAPRADESHDISTRICT-W,,,,,,,,,,,,,,,,,,,,,,,,,,
,2000-01,471,520,351,370,451,..,..,1479,1450,757,..,..,1223,INDIA.STATEANDHRAPRADESHDISTRICT-W,,,,,,,,,,,,,,,,,,,,,,,,,,
NIZAMABAD,1998-99,530,524,415,436,400,..,..,1060,1551,981,..,4391,1115,INDIA.STATEANDHRAPRADESHDISTRICT-W,,,,,,,,,,,,,,,,,,,,,,,,,,
,1999-00,523,691,438,421,425,..,..,1203,1450,715,..,4585,1198,INDIA.STATEANDHRAPRADESHDISTRICT-W,,,,,,,,,,,,,,,,,,,,,,,,,,
,2000-01,521,521,..,387,451,..,..,1450,1323,629,..,2090,934,INDIA.STATEANDHRAPRADESHDISTRICT-W,,,,,,,,,,,,,,,,,,,,,,,,,,
AHMEDABAD,1998-99,608,..,660,..,..,693,..,1506,..,..,..,..,..,INDIA.STATEGUJARATDISTRICT-WISE,,,,,,,,,,,,,,,,,,,,,,,,,,
,1999-00,629,656,536,..,..,888,..,1317,..,..,..,..,..,INDIA.STATEGUJARATDISTRICT-WISE,,,,,,,,,,,,,,,,,,,,,,,,,,
,2000-01,785,634,519,..,..,793,..,1455,..,..,..,..,..,INDIA.STATEGUJARATDISTRICT-WISE,,,,,,,,,,,,,,,,,,,,,,,,,,
GANDHINAGAR,1998-99,671,700,462,539,..,621,..,..,..,..,..,..,..,INDIA.STATEGUJARATDISTRICT-WISE,,,,,,,,,,,,,,,,,,,,,,,,,,
,1999-00,604,781,664,..,..,738,..,..,1490,..,..,..,..,INDIA.STATEGUJARATDISTRICT-WISE,,,,,,,,,,,,,,,,,,,,,,,,,,
,2000-01,684,781,664,..,..,738,..,..,1490,..,..,..,..,INDIA.STATEGUJARATDISTRICT-WISE,,,,,,,,,,,,,,,,,,,,,,,,,,
BANASKANTHA,1998-99,..,600,500,400,..,650,..,..,..,..,250,..,..,INDIA.STATEGUJARATDISTRICT-WISE,,,,,,,,,,,,,,,,,,,,,,,,,,
,1999-00,..,600,500,450,..,625,..,..,..,..,250,..,..,INDIA.STATEGUJARATDISTRICT-WISE,,,,,,,,,,,,,,,,,,,,,,,,,,
,2000-01,..,450,400,350,..,750,..,..,..,..,350,..,..,INDIA.STATEGUJARATDISTRICT-WISE,,,,,,,,,,,,,,,,,,,,,,,,,,
BARODA(VADODARA),1998-99,640,594,616,530,..,623,..,..,1820,..,500,1350,..,INDIA.STATEGUJARATDISTRICT-WISE,,,,,,,,,,,,,,,,,,,,,,,,,,
,1999-00,765,632,590,605,..,646,..,..,1855,..,275,1410,..,INDIA.STATEGUJARATDISTRICT-WISE,,,,,,,,,,,,,,,,,,,,,,,,,,
,2000-01,755,660,612,615,..,666,..,..,1890,..,..,1508,..,INDIA.STATEGUJARATDISTRICT-WISE,,,,,,,,,,,,,,,,,,,,,,,,,,
BROACH,1998-99,809,820,..,750,..,846,..,1467,2080,..,..,..,..,INDIA.STATEGUJARATDISTRICT-WISE,,,,,,,,,,,,,,,,,,,,,,,,,,
,1999-00,570,796,..,675,..,796,..,1335,1672,..,..,..,..,INDIA.STATEGUJARATDISTRICT-WISE,,,,,,,,,,,,,,,,,,,,,,,,,,
,2000-01,743,704,..,525,..,788,..,..,1577,..,..,..,..,INDIA.STATEGUJARATDISTRICT-WISE,,,,,,,,,,,,,,,,,,,,,,,,,,
BULSAR(VALSAD),1998-99,600,710,..,525,525,..,..,..,..,1260,..,..,..,INDIA.STATEGUJARATDISTRICT-WISE,,,,,,,,,,,,,,,,,,,,,,,,,,
,1999-00,675,840,..,..,545,..,..,..,..,..,..,..,..,INDIA.STATEGUJARATDISTRICT-WISE,,,,,,,,,,,,,,,,,,,,,,,,,,
,2000-01,710,863,..,..,536,..,..,..,..,1350,..,..,..,INDIA.STATEGUJARATDISTRICT-WISE,,,,,,,,,,,,,,,,,,,,,,,,,,
DANGS,1998-99,675,..,..,..,525,..,..,..,..,..,..,..,..,INDIA.STATEGUJARATDISTRICT-WISE,,,,,,,,,,,,,,,,,,,,,,,,,,
,1999-00,695,..,..,..,545,..,..,..,..,..,..,..,..,INDIA.STATEGUJARATDISTRICT-WISE,,,,,,,,,,,,,,,,,,,,,,,,,,
,2000-01,725,..,..,..,615,..,..,..,..,..,..,..,..,INDIA.STATEGUJARATDISTRICT-WISE,,,,,,,,,,,,,,,,,,,,,,,,,,
KAIRA(KHEDA),1998-99,612,880,633,578,..,760,..,1119,1650,..,488,1303,1331,INDIA.STATEGUJARATDISTRICT-WISE,,,,,,,,,,,,,,,,,,,,,,,,,,
,1999-00,602,..,603,607,..,701,..,1701,1818,..,274,1640,1298,INDIA.STATEGUJARATDISTRICT-WISE,,,,,,,,,,,,,,,,,,,,,,,,,,
,2000-01,598,..,513,549,..,684,..,1655,1630,..,423,1561,1265,INDIA.STATEGUJARATDISTRICT-WISE,,,,,,,,,,,,,,,,,,,,,,,,,,
MEHSANA,1998-99,..,687,590,..,..,679,..,..,..,..,287,1385,..,INDIA.STATEGUJARATDISTRICT-WISE,,,,,,,,,,,,,,,,,,,,,,,,,,
,1999-00,..,..,525,..,..,769,..,..,..,..,333,1140,..,INDIA.STATEGUJARATDISTRICT-WISE,,,,,,,,,,,,,,,,,,,,,,,,,,
,2000-01,..,..,526,..,..,787,..,..,..,..,381,1312,..,INDIA.STATEGUJARATDISTRICT-WISE,,,,,,,,,,,,,,,,,,,,,,,,,,
PANCH-MAHAL,1998-99,578,864,497,487,..,618,..,1099,1758,..,..,..,1226,INDIA.STATEGUJARATDISTRICT-WISE(Co,,,,,,,,,,,,,,,,,,,,,,,,,,
,1999-00,553,..,499,492,..,670,..,..,1883,..,..,..,1206,INDIA.STATEGUJARATDISTRICT-WISE(Co,,,,,,,,,,,,,,,,,,,,,,,,,,
,2000-01,533,..,406,513,480,642,..,1673,1404,..,596,..,1365,INDIA.STATEGUJARATDISTRICT-WISE(Co,,,,,,,,,,,,,,,,,,,,,,,,,,
SABARKANTHA,1998-99,711,..,706,503,..,716,..,..,1526,..,..,..,1300,INDIA.STATEGUJARATDISTRICT-WISE(Co,,,,,,,,,,,,,,,,,,,,,,,,,,
,1999-00,758,..,671,527,..,728,..,..,1761,..,..,..,1200,INDIA.STATEGUJARATDISTRICT-WISE(Co,,,,,,,,,,,,,,,,,,,,,,,,,,
,2000-01,710,861,542,528,..,769,..,..,1509,..,..,..,1375,INDIA.STATEGUJARATDISTRICT-WISE(Co,,,,,,,,,,,,,,,,,,,,,,,,,,
SURAT,1998-99,1191,726,..,..,..,762,..,..,1775,1137,..,..,..,INDIA.STATEGUJARATDISTRICT-WISE(Co,,,,,,,,,,,,,,,,,,,,,,,,,,
,1999-00,1241,759,..,..,..,802,..,..,1833,1188,..,..,..,INDIA.STATEGUJARATDISTRICT-WISE(Co,,,,,,,,,,,,,,,,,,,,,,,,,,
,2000-01,835,686,..,..,..,915,..,..,1724,1194,..,..,..,INDIA.STATEGUJARATDISTRICT-WISE(Co,,,,,,,,,,,,,,,,,,,,,,,,,,
AMRELI,1998-99,..,..,488,..,..,592,..,..,..,1070,..,..,1326,INDIA.STATEGUJARATDISTRICT-WISE(Co,,,,,,,,,,,,,,,,,,,,,,,,,,
,1999-00,..,..,506,..,..,752,..,..,..,1250,..,..,1407,INDIA.STATEGUJARATDISTRICT-WISE(Co,,,,,,,,,,,,,,,,,,,,,,,,,,
,2000-01,..,..,504,..,..,703,..,..,..,1038,..,..,1322,INDIA.STATEGUJARATDISTRICT-WISE(Co,,,,,,,,,,,,,,,,,,,,,,,,,,
BHABNAGAR,1998-99,..,..,516,..,..,679,..,..,..,..,..,..,1430,INDIA.STATEGUJARATDISTRICT-WISE(Co,,,,,,,,,,,,,,,,,,,,,,,,,,
,1999-00,..,..,723,..,..,763,..,..,..,..,..,..,1432,INDIA.STATEGUJARATDISTRICT-WISE(Co,,,,,,,,,,,,,,,,,,,,,,,,,,
,2000-01,..,..,546,..,..,761,..,..,..,..,..,..,1285,INDIA.STATEGUJARATDISTRICT-WISE(Co,,,,,,,,,,,,,,,,,,,,,,,,,,
JAMNAGAR,1998-99,..,..,575,..,..,686,..,..,..,..,..,..,1337,INDIA.STATEGUJARATDISTRICT-WISE(Co,,,,,,,,,,,,,,,,,,,,,,,,,,
,1999-00,..,..,575,..,..,689,..,..,..,..,..,..,1272,INDIA.STATEGUJARATDISTRICT-WISE(Co,,,,,,,,,,,,,,,,,,,,,,,,,,
,2000-01,..,..,575,..,..,724,..,..,..,..,..,..,1326,INDIA.STATEGUJARATDISTRICT-WISE(Co,,,,,,,,,,,,,,,,,,,,,,,,,,
JUNAGARH,1998-99,..,695,636,..,..,818,..,..,..,1200,..,..,1542,INDIA.STATEGUJARATDISTRICT-WISE(Co,,,,,,,,,,,,,,,,,,,,,,,,,,
,1999-00,..,660,690,..,..,735,..,..,..,980,..,..,1560,INDIA.STATEGUJARATDISTRICT-WISE(Co,,,,,,,,,,,,,,,,,,,,,,,,,,
,2000-01,..,665,549,..,..,733,..,..,..,1036,..,..,1559,INDIA.STATEGUJARATDISTRICT-WISE(Co,,,,,,,,,,,,,,,,,,,,,,,,,,
KUTCH,1998-99,..,..,580,..,..,670,..,..,..,..,..,..,1161,INDIA.STATEGUJARATDISTRICT-WISE(Co,,,,,,,,,,,,,,,,,,,,,,,,,,
,1999-00,..,..,647,..,..,907,..,..,..,..,..,..,1356,INDIA.STATEGUJARATDISTRICT-WISE(Co,,,,,,,,,,,,,,,,,,,,,,,,,,
,2000-01,..,..,623,..,..,819,..,..,..,..,..,..,1328,INDIA.STATEGUJARATDISTRICT-WISE(Co,,,,,,,,,,,,,,,,,,,,,,,,,,
RAJKOT,1998-99,..,..,649,..,..,659,..,1168,..,..,..,..,1411,INDIA.STATEGUJARATDISTRICT-WISE(Co,,,,,,,,,,,,,,,,,,,,,,,,,,
,1999-00,..,..,645,..,..,660,..,1428,..,..,..,..,1406,INDIA.STATEGUJARATDISTRICT-WISE(Co,,,,,,,,,,,,,,,,,,,,,,,,,,
,2000-01,..,..,499,..,..,761,..,1502,..,..,..,..,1369,INDIA.STATEGUJARATDISTRICT-WISE(Co,,,,,,,,,,,,,,,,,,,,,,,,,,
SURENDNAGAR,1998-99,..,..,543,..,..,659,..,1134,..,..,..,..,1534,INDIA.STATEGUJARATDISTRICT-WISE(Co,,,,,,,,,,,,,,,,,,,,,,,,,,
,1999-00,..,..,655,..,..,941,..,..,..,..,..,..,1300,INDIA.STATEGUJARATDISTRICT-WISE(Co,,,,,,,,,,,,,,,,,,,,,,,,,,
,2000-01,..,..,628,..,..,742,..,1476,..,..,..,..,1348,INDIA.STATEGUJARATDISTRICT-WISE(Co,,,,,,,,,,,,,,,,,,,,,,,,,,
DAHOD,1998-99,..,..,..,..,..,..,..,..,..,..,..,..,..,INDIA.STATEGUJARATDISTRICT-WISE(Co,,,,,,,,,,,,,,,,,,,,,,,,,,
,1999-00,..,..,..,..,..,..,..,..,..,..,..,..,..,INDIA.STATEGUJARATDISTRICT-WISE(Co,,,,,,,,,,,,,,,,,,,,,,,,,,
,2000-01,563,465,..,532,..,850,..,1493,1401,..,..,..,1165,INDIA.STATEGUJARATDISTRICT-WISE(Co,,,,,,,,,,,,,,,,,,,,,,,,,,
PATAN,1998-99,..,..,..,..,..,..,..,..,..,..,..,..,..,INDIA.STATEGUJARATDISTRICT-WISE(Co,,,,,,,,,,,,,,,,,,,,,,,,,,
,1999-00,..,..,..,..,..,..,..,..,..,..,..,..,..,INDIA.STATEGUJARATDISTRICT-WISE(Co,,,,,,,,,,,,,,,,,,,,,,,,,,
,2000-01,..,680,550,..,..,720,..,..,..,..,260,1260,..,INDIA.STATEGUJARATDISTRICT-WISE(Co,,,,,,,,,,,,,,,,,,,,,,,,,,
NAVSARI,1998-99,..,..,..,..,..,..,..,..,..,..,..,..,..,INDIA.STATEGUJARATDISTRICT-WISE(Co,,,,,,,,,,,,,,,,,,,,,,,,,,
,1999-00,..,..,..,..,..,..,..,..,..,..,..,..,..,INDIA.STATEGUJARATDISTRICT-WISE(Co,,,,,,,,,,,,,,,,,,,,,,,,,,
,2000-01,692,460,..,..,550,..,..,..,1263,1175,..,..,..,INDIA.STATEGUJARATDISTRICT-WISE(Co,,,,,,,,,,,,,,,,,,,,,,,,,,
ANAND,1998-99,..,..,..,..,..,..,..,..,..,..,..,..,..,INDIA.STATEGUJARATDISTRICT-WISE(Co,,,,,,,,,,,,,,,,,,,,,,,,,,
,1999-00,..,..,..,..,..,..,..,..,..,..,..,..,..,INDIA.STATEGUJARATDISTRICT-WISE(Co,,,,,,,,,,,,,,,,,,,,,,,,,,
,2000-01,625,..,434,580,..,..,..,1256,..,..,463,1094,..,INDIA.STATEGUJARATDISTRICT-WISE(Co,,,,,,,,,,,,,,,,,,,,,,,,,,
NARMADA,1998-99,..,..,..,..,..,..,..,..,..,..,..,..,..,INDIA.STATEGUJARATDISTRICT-WISE(Co,,,,,,,,,,,,,,,,,,,,,,,,,,
,1999-00,..,..,..,..,..,..,..,..,..,..,..,..,..,INDIA.STATEGUJARATDISTRICT-WISE(Co,,,,,,,,,,,,,,,,,,,,,,,,,,
,2000-01,605,556,..,455,..,837,..,1450,1562,..,..,..,..,INDIA.STATEGUJARATDISTRICT-WISE(Co,,,,,,,,,,,,,,,,,,,,,,,,,,
PORBANDAR,1998-99,..,..,..,..,..,..,..,..,..,..,..,..,..,INDIA.STATEGUJARATDISTRICT-WISE(Co,,,,,,,,,,,,,,,,,,,,,,,,,,
,1999-00,..,..,..,..,..,..,..,..,..,..,..,..,..,INDIA.STATEGUJARATDISTRICT-WISE(Co,,,,,,,,,,,,,,,,,,,,,,,,,,
,2000-01,..,710,715,..,..,840,..,..,..,1300,..,..,1365,INDIA.STATEGUJARATDISTRICT-WISE(Co,,,,,,,,,,,,,,,,,,,,,,,,,,
GUJARAT,1998-99,710,762,577,541,525,690,..,1249,1768,1167,381,1336,1360,INDIA.STATEGUJARATDISTRICT-WISE(Co,,,,,,,,,,,,,,,,,,,,,,,,,,
(State weighted,1999-00,717,784,603,559,545,755,..,1341,1759,1181,283,1397,1344,INDIA.STATEGUJARATDISTRICT-WISE(Co,,,,,,,,,,,,,,,,,,,,,,,,,,
average),2000-01,683,690,545,516,545,763,..,1495,1545,1182,412,1347,1339,INDIA.STATEGUJARATDISTRICT-WISE(Co,,,,,,,,,,,,,,,,,,,,,,,,,,
AHMEDABAD,1998-99,,,,,,,,,,,,,,INDIA.STATEGUJARATDISTRICT-WISE(Co,1489,..,..,2094,..,1625,..,..,..,..,..,..,..,,,,,,,,,,,,,
,1999-00,,,,,,,,,,,,,,INDIA.STATEGUJARATDISTRICT-WISE(Co,1487,..,..,1285,..,1681,..,..,..,..,..,..,..,,,,,,,,,,,,,
,2000-01,,,,,,,,,,,,,,INDIA.STATEGUJARATDISTRICT-WISE(Co,1178,..,..,1993,..,2057,..,..,..,..,..,..,..,,,,,,,,,,,,,
GANDHINAGAR,1998-99,,,,,,,,,,,,,,INDIA.STATEGUJARATDISTRICT-WISE(Co,1279,..,..,1439,..,..,..,..,..,..,..,..,..,,,,,,,,,,,,,
,1999-00,,,,,,,,,,,,,,INDIA.STATEGUJARATDISTRICT-WISE(Co,1116,2401,..,1568,..,..,..,..,..,..,..,..,..,,,,,,,,,,,,,
,2000-01,,,,,,,,,,,,,,INDIA.STATEGUJARATDISTRICT-WISE(Co,1116,2401,..,1568,..,..,..,..,..,..,..,..,..,,,,,,,,,,,,,
BANASKANTHA,1998-99,,,,,,,,,,,,,,INDIA.STATEGUJARATDISTRICT-WISE(Co,1250,..,..,1500,..,..,..,..,..,..,..,..,..,,,,,,,,,,,,,
,1999-00,,,,,,,,,,,,,,INDIA.STATEGUJARATDISTRICT-WISE(Co,1000,..,..,1260,..,..,..,..,..,..,..,..,..,,,,,,,,,,,,,
,2000-01,,,,,,,,,,,,,,INDIA.STATEGUJARATDISTRICT-WISE(Co,1200,..,..,1000,..,..,..,..,..,..,..,..,..,,,,,,,,,,,,,
BARODA(VADODARA),1998-99,,,,,,,,,,,,,,INDIA.STATEGUJARATDISTRICT-WISE(Co,..,..,..,..,..,1410,..,..,..,..,..,..,..,,,,,,,,,,,,,
,1999-00,,,,,,,,,,,,,,INDIA.STATEGUJARATDISTRICT-WISE(Co,..,..,..,..,..,1764,..,..,..,..,..,..,..,,,,,,,,,,,,,
,2000-01,,,,,,,,,,,,,,INDIA.STATEGUJARATDISTRICT-WISE(Co,..,..,..,..,..,1813,..,..,..,..,..,..,..,,,,,,,,,,,,,
BROACH,1998-99,,,,,,,,,,,,,,INDIA.STATEGUJARATDISTRICT-WISE(Co,..,..,..,..,..,1703,..,..,..,..,..,..,..,,,,,,,,,,,,,
,1999-00,,,,,,,,,,,,,,INDIA.STATEGUJARATDISTRICT-WISE(Co,..,..,..,..,..,1656,..,..,..,..,..,..,..,,,,,,,,,,,,,
,2000-01,,,,,,,,,,,,,,INDIA.STATEGUJARATDISTRICT-WISE(Co,..,..,..,..,..,1642,..,..,..,..,..,..,..,,,,,,,,,,,,,
BULSAR(VALSAD),1998-99,,,,,,,,,,,,,,INDIA.STATEGUJARATDISTRICT-WISE(Co,..,..,..,..,..,..,..,..,..,..,3500,..,..,,,,,,,,,,,,,
,1999-00,,,,,,,,,,,,,,INDIA.STATEGUJARATDISTRICT-WISE(Co,..,..,..,..,..,..,..,..,..,..,4000,..,..,,,,,,,,,,,,,
,2000-01,,,,,,,,,,,,,,INDIA.STATEGUJARATDISTRICT-WISE(Co,..,..,..,..,..,..,..,..,..,..,4340,..,..,,,,,,,,,,,,,
DANGS,1998-99,,,,,,,,,,,,,,INDIA.STATEGUJARATDISTRICT-WISE(Co,..,..,..,..,..,..,..,..,..,..,..,..,..,,,,,,,,,,,,,
,1999-00,,,,,,,,,,,,,,INDIA.STATEGUJARATDISTRICT-WISE(Co,..,..,..,..,..,..,..,..,..,..,..,..,..,,,,,,,,,,,,,
,2000-01,,,,,,,,,,,,,,INDIA.STATEGUJARATDISTRICT-WISE(Co,..,..,..,..,..,..,..,..,..,..,..,..,..,,,,,,,,,,,,,
KAIRA(KHEDA),1998-99,,,,,,,,,,,,,,INDIA.STATEGUJARATDISTRICT-WISE(Co,1212,2500,..,1430,..,..,..,..,..,..,..,..,..,,,,,,,,,,,,,
,1999-00,,,,,,,,,,,,,,INDIA.STATEGUJARATDISTRICT-WISE(Co,1288,..,..,1419,..,..,..,..,..,..,..,..,..,,,,,,,,,,,,,
,2000-01,,,,,,,,,,,,,,INDIA.STATEGUJARATDISTRICT-WISE(Co,1185,..,..,1294,..,..,..,..,..,..,..,..,..,,,,,,,,,,,,,
MEHSANA,1998-99,,,,,,,,,,,,,,INDIA.STATEGUJARATDISTRICT-WISE(Co,1378,..,..,1489,..,1558,..,..,..,..,4897,..,..,,,,,,,,,,,,,
,1999-00,,,,,,,,,,,,,,INDIA.STATEGUJARATDISTRICT-WISE(Co,1031,..,..,1503,..,1376,..,..,..,..,4526,..,..,,,,,,,,,,,,,
,2000-01,,,,,,,,,,,,,,INDIA.STATEGUJARATDISTRICT-WISE(Co,1127,..,..,1344,..,1550,..,..,..,..,4550,..,..,,,,,,,,,,,,,
PANCH-MAHAL,1998-99,,,,,,,,,,,,,,INDIA.STATEGUJARATDISTRICT-WISE(Co,..,2055,..,1361,..,..,..,..,..,..,..,..,..,,,,,,,,,,,,,
,199--00,,,,,,,,,,,,,,INDIA.STATEGUJARATDISTRICT-WISE(Co,..,1965,..,1460,..,..,..,..,..,..,..,..,..,,,,,,,,,,,,,
,2000-01,,,,,,,,,,,,,,INDIA.STATEGUJARATDISTRICT-WISE(Co,..,..,..,..,..,..,..,..,..,..,..,..,..,,,,,,,,,,,,,
SABARKANTHA,1998-99,,,,,,,,,,,,,,INDIA.STATEGUJARATDISTRICT-WISE(Co,1146,..,..,1565,..,..,..,..,..,..,..,..,..,,,,,,,,,,,,,
,1999-00,,,,,,,,,,,,,,INDIA.STATEGUJARATDISTRICT-WISE(Co,1200,..,..,1629,..,..,..,..,..,..,..,..,..,,,,,,,,,,,,,
,2000-01,,,,,,,,,,,,,,INDIA.STATEGUJARATDISTRICT-WISE(Co,1068,..,..,1295,..,..,..,..,..,..,..,..,..,,,,,,,,,,,,,
SURAT,1998-99,,,,,,,,,,,,,,INDIA.STATEGUJARATDISTRICT-WISE(Co,..,..,..,..,..,..,..,..,..,..,3191,..,..,,,,,,,,,,,,,
,1999-00,,,,,,,,,,,,,,INDIA.STATEGUJARATDISTRICT-WISE(Co,..,..,..,..,..,..,..,..,..,..,..,..,..,,,,,,,,,,,,,
,2000-01,,,,,,,,,,,,,,INDIA.STATEGUJARATDISTRICT-WISE(Co,..,..,..,..,..,2030,..,..,..,..,..,..,..,,,,,,,,,,,,,
AMRELI,1998-99,,,,,,,,,,,,,,INDIA.STATEGUJARATDISTRICT-WISE(Co,..,2514,..,..,..,1465,..,..,..,..,3191,..,..,,,,,,,,,,,,,
,1999-00,,,,,,,,,,,,,,INDIA.STATEGUJARATDISTRICT-WISE(Co,..,2754,..,..,..,..,..,..,..,..,4476,..,..,,,,,,,,,,,,,
,2000-01,,,,,,,,,,,,,,INDIA.STATEGUJARATDISTRICT-WISE(Co,..,2100,..,..,..,1618,..,..,..,..,4915,..,..,,,,,,,,,,,,,
BHABNAGAR,1998-99,,,,,,,,,,,,,,INDIA.STATEGUJARATDISTRICT-WISE(Co,..,2504,..,..,..,1797,..,..,..,..,3843,..,..,,,,,,,,,,,,,
,1999-00,,,,,,,,,,,,,,INDIA.STATEGUJARATDISTRICT-WISE(Co,..,2451,..,..,..,1641,..,..,..,..,4358,..,..,,,,,,,,,,,,,
,2000-01,,,,,,,,,,,,,,INDIA.STATEGUJARATDISTRICT-WISE(Co,..,2255,..,..,..,1865,..,..,..,..,3816,..,..,,,,,,,,,,,,,
JAMNAGARR,1998-99,,,,,,,,,,,,,,INDIA.STATEGUJARATDISTRICT-WISE(Co,..,2360,..,1356,..,..,..,..,..,..,2025,..,..,,,,,,,,,,,,,
,1999-00,,,,,,,,,,,,,,INDIA.STATEGUJARATDISTRICT-WISE(Co,..,2169,..,1338,..,..,..,..,..,..,3030,..,..,,,,,,,,,,,,,
,2000-01,,,,,,,,,,,,,,INDIA.STATEGUJARATDISTRICT-WISE(Co,..,2208,..,1185,..,..,..,..,..,..,4099,..,..,,,,,,,,,,,,,
JUNAGARH,1998-99,,,,,,,,,,,,,,INDIA.STATEGUJARATDISTRICT-WISE(Co,..,..,..,..,..,1566,..,..,..,..,..,..,..,,,,,,,,,,,,,
,1999-00,,,,,,,,,,,,,,INDIA.STATEGUJARATDISTRICT-WISE(Co,..,..,..,..,..,1830,..,..,..,..,..,..,..,,,,,,,,,,,,,
,2000-01,,,,,,,,,,,,,,INDIA.STATEGUJARATDISTRICT-WISE(Co,..,..,..,..,..,1459,..,..,..,..,..,..,..,,,,,,,,,,,,,
KUTCH,1998-99,,,,,,,,,,,,,,INDIA.STATEGUJARATDISTRICT-WISE(Co,830,2090,..,850,..,1841,..,..,..,..,..,..,..,,,,,,,,,,,,,
,1999-00,,,,,,,,,,,,,,INDIA.STATEGUJARATDISTRICT-WISE(Co,1040,1941,..,1166,..,2070,..,..,..,..,..,..,..,,,,,,,,,,,,,
,2000-01,,,,,,,,,,,,,,INDIA.STATEGUJARATDISTRICT-WISE(Co,930,1778,..,1093,..,1630,..,..,..,..,..,..,..,,,,,,,,,,,,,
RAJKOT,1998-99,,,,,,,,,,,,,,INDIA.STATEGUJARATDISTRICT-WISE(Co,..,2234,..,..,..,..,..,..,..,..,2965,..,..,,,,,,,,,,,,,
,1999-00,,,,,,,,,,,,,,INDIA.STATEGUJARATDISTRICT-WISE(Co,..,2060,..,..,..,2142,..,..,..,..,4541,..,..,,,,,,,,,,,,,
,2000-01,,,,,,,,,,,,,,INDIA.STATEGUJARATDISTRICT-WISE(Co,..,1984,..,..,..,..,..,..,..,..,4565,..,..,,,,,,,,,,,,,
SURENDRNAGAR,1998-99,,,,,,,,,,,,,,INDIA.STATEGUJARATDISTRICT-WISE(Co,..,2560,..,..,..,1737,..,..,..,..,5200,..,..,,,,,,,,,,,,,
,1999-00,,,,,,,,,,,,,,INDIA.STATEGUJARATDISTRICT-WISE(Co,1025,..,..,1195,..,1968,..,..,..,..,..,..,..,,,,,,,,,,,,,
,2000-01,,,,,,,,,,,,,,INDIA.STATEGUJARATDISTRICT-WISE(Co,..,2257,..,..,..,..,..,..,..,..,4805,..,..,,,,,,,,,,,,,
DAHOD,1998-99,,,,,,,,,,,,,,INDIA.STATEGUJARATDISTRICT-WISE(Co,..,..,..,..,..,..,..,..,..,..,..,..,..,,,,,,,,,,,,,
,1999-00,,,,,,,,,,,,,,INDIA.STATEGUJARATDISTRICT-WISE(Co,..,..,..,..,..,..,..,..,..,..,..,..,..,,,,,,,,,,,,,
,2000-01,,,,,,,,,,,,,,INDIA.STATEGUJARATDISTRICT-WISE(Co,..,1821,..,1002,..,..,..,..,..,..,..,..,..,,,,,,,,,,,,,
PATAN,1998-99,,,,,,,,,,,,,,INDIA.STATEGUJARATDISTRICT-WISE(Co,..,..,..,..,..,..,..,..,..,..,..,..,..,,,,,,,,,,,,,
,1999-00,,,,,,,,,,,,,,INDIA.STATEGUJARATDISTRICT-WISE(Co,..,..,..,..,..,..,..,..,..,..,..,..,..,,,,,,,,,,,,,
,2000-01,,,,,,,,,,,,,,INDIA.STATEGUJARATDISTRICT-WISE(Co,1055,..,..,1025,..,..,..,..,..,..,4150,..,..,,,,,,,,,,,,,
NAVSARI,1998-99,,,,,,,,,,,,,,INDIA.STATEGUJARATDISTRICT-WISE(Co,..,..,..,..,..,..,..,..,..,..,..,..,..,,,,,,,,,,,,,
,1999-00,,,,,,,,,,,,,,INDIA.STATEGUJARATDISTRICT-WISE(Co,..,..,..,..,..,..,..,..,..,..,..,..,..,,,,,,,,,,,,,
,2000-01,,,,,,,,,,,,,,INDIA.STATEGUJARATDISTRICT-WISE(Co,..,..,..,..,..,..,..,..,..,..,3530,..,..,,,,,,,,,,,,,
ANAND,1998-99,,,,,,,,,,,,,,INDIA.STATEGUJARATDISTRICT-WISE(Co,..,..,..,..,..,..,..,..,..,..,..,..,..,,,,,,,,,,,,,
,1999-00,,,,,,,,,,,,,,INDIA.STATEGUJARATDISTRICT-WISE(Co,..,..,..,..,..,..,..,..,..,..,..,..,..,,,,,,,,,,,,,
,2000-01,,,,,,,,,,,,,,INDIA.STATEGUJARATDISTRICT-WISE(Co,954,..,..,1046,..,..,..,..,..,..,..,..,..,,,,,,,,,,,,,
NARMADA,1998-99,,,,,,,,,,,,,,INDIA.STATEGUJARATDISTRICT-WISE(Co,..,..,..,..,..,..,..,..,..,..,..,..,..,,,,,,,,,,,,,
,1999-00,,,,,,,,,,,,,,INDIA.STATEGUJARATDISTRICT-WISE(Co,..,..,..,..,..,..,..,..,..,..,..,..,..,,,,,,,,,,,,,
,2000-01,,,,,,,,,,,,,,INDIA.STATEGUJARATDISTRICT-WISE(Co,2025,..,..,..,..,..,..,..,..,..,..,..,..,,,,,,,,,,,,,
PORBANDAR,1998-99,,,,,,,,,,,,,,INDIA.STATEGUJARATDISTRICT-WISE(Co,..,..,..,..,..,..,..,..,..,..,..,..,..,,,,,,,,,,,,,
,1999-00,,,,,,,,,,,,,,INDIA.STATEGUJARATDISTRICT-WISE(Co,..,..,..,..,..,..,..,..,..,..,..,..,..,,,,,,,,,,,,,
,2000-01,,,,,,,,,,,,,,INDIA.STATEGUJARATDISTRICT-WISE(Co,..,..,..,..,..,1225,..,..,..,..,..,..,..,,,,,,,,,,,,,
GUJARAT,1998-99,,,,,,,,,,,,,,INDIA.STATEGUJARATDISTRICT-WISE(Co,1226,2352,..,1455,..,1585,..,..,..,..,3602,..,..,,,,,,,,,,,,,
(State weighted,1999-00,,,,,,,,,,,,,,INDIA.STATEGUJARATDISTRICT-WISE(Co,1159,2249,..,1382,..,1792,..,..,..,..,4138,..,..,,,,,,,,,,,,,
average),2000-01,,,,,,,,,,,,,,INDIA.STATEGUJARATDISTRICT-WISE(Co,1287,2101,..,1259,..,1689,..,..,..,..,4308,..,..,,,,,,,,,,,,,
BILASPUR,1998-99,525,..,..,500,..,625,625,1425,..,..,467,800,..,INDIA.STATEHIMACHALPRADESHDISTRICT,,,,,,,,,,,,,,,,,,,,,,,,,,
,1999-00,513,..,..,525,..,650,633,1500,1400,..,367,800,..,INDIA.STATEHIMACHALPRADESHDISTRICT,,,,,,,,,,,,,,,,,,,,,,,,,,
,2000-01,550,..,..,..,..,650,600,1500,1400,..,..,800,..,INDIA.STATEHIMACHALPRADESHDISTRICT,,,,,,,,,,,,,,,,,,,,,,,,,,
CHAMBA,1998-99,546,..,..,512,..,662,520,1700,..,..,1025,1200,..,INDIA.STATEHIMACHALPRADESHDISTRICT,,,,,,,,,,,,,,,,,,,,,,,,,,
,1999-01,615,..,..,548,..,726,592,1600,..,..,799,1200,..,INDIA.STATEHIMACHALPRADESHDISTRICT,,,,,,,,,,,,,,,,,,,,,,,,,,
,2000-01,575,..,..,..,..,769,603,2100,..,..,700,..,..,INDIA.STATEHIMACHALPRADESHDISTRICT,,,,,,,,,,,,,,,,,,,,,,,,,,
HAMIRPUR,1998-99,428,..,..,503,..,654,606,1495,..,..,433,..,..,INDIA.STATEHIMACHALPRADESHDISTRICT,,,,,,,,,,,,,,,,,,,,,,,,,,
,1999-00,606,..,..,524,..,717,650,1700,2700,..,400,1060,..,INDIA.STATEHIMACHALPRADESHDISTRICT,,,,,,,,,,,,,,,,,,,,,,,,,,
,2000-01,654,..,..,..,..,727,700,2310,..,..,..,..,..,INDIA.STATEHIMACHALPRADESHDISTRICT,,,,,,,,,,,,,,,,,,,,,,,,,,
KANGRA,1998-99,510,..,..,471,..,550,485,1655,..,..,..,..,..,INDIA.STATEHIMACHALPRADESHDISTRICT,,,,,,,,,,,,,,,,,,,,,,,,,,
,1999-00,531,..,..,525,..,644,554,1638,..,..,..,..,..,INDIA.STATEHIMACHALPRADESHDISTRICT,,,,,,,,,,,,,,,,,,,,,,,,,,
,2000-01,489,..,..,..,..,730,717,2239,..,..,..,..,..,INDIA.STATEHIMACHALPRADESHDISTRICT,,,,,,,,,,,,,,,,,,,,,,,,,,
KINNOR,1998-99,..,..,..,560,..,754,638,..,..,..,740,..,..,INDIA.STATEHIMACHALPRADESHDISTRICT,,,,,,,,,,,,,,,,,,,,,,,,,,
,1999-00,..,..,..,570,..,846,608,..,..,..,567,..,..,INDIA.STATEHIMACHALPRADESHDISTRICT,,,,,,,,,,,,,,,,,,,,,,,,,,
,2000-01,..,..,..,..,..,858,650,..,..,..,660,..,..,INDIA.STATEHIMACHALPRADESHDISTRICT,,,,,,,,,,,,,,,,,,,,,,,,,,
KULU,1998-99,..,..,..,510,..,620,530,..,..,..,520,..,..,INDIA.STATEHIMACHALPRADESHDISTRICT,,,,,,,,,,,,,,,,,,,,,,,,,,
,1999-00,600,..,..,500,..,700,630,..,..,..,475,..,..,INDIA.STATEHIMACHALPRADESHDISTRICT,,,,,,,,,,,,,,,,,,,,,,,,,,
,2000-00,600,..,..,500,..,775,650,..,..,..,700,..,..,INDIA.STATEHIMACHALPRADESHDISTRICT,,,,,,,,,,,,,,,,,,,,,,,,,,
LAHAUL-SPITI,1998-99,563,..,..,500,..,600,633,..,..,..,900,..,..,INDIA.STATEHIMACHALPRADESHDISTRICT,,,,,,,,,,,,,,,,,,,,,,,,,,
,1999-00,..,..,..,500,..,616,500,..,..,..,583,..,..,INDIA.STATEHIMACHALPRADESHDISTRICT,,,,,,,,,,,,,,,,,,,,,,,,,,
,2000-01,..,..,..,747,..,966,800,..,..,..,600,..,..,INDIA.STATEHIMACHALPRADESHDISTRICT,,,,,,,,,,,,,,,,,,,,,,,,,,
MANDI,1998-99,..,..,..,508,..,594,545,1659,..,..,523,1018,..,INDIA.STATEHIMACHALPRADESHDISTRICT,,,,,,,,,,,,,,,,,,,,,,,,,,
,1999-00,740,..,..,526,..,617,573,1737,..,..,600,1100,..,INDIA.STATEHIMACHALPRADESHDISTRICT,,,,,,,,,,,,,,,,,,,,,,,,,,
,2000-01,756,..,..,537,..,794,685,2154,..,..,383,1062,..,INDIA.STATEHIMACHALPRADESHDISTRICT,,,,,,,,,,,,,,,,,,,,,,,,,,
SIMLA,1998-99,672,..,..,498,..,624,482,1567,..,..,667,..,..,INDIA.STATEHIMACHALPRADESHDISTRICT,,,,,,,,,,,,,,,,,,,,,,,,,,
,1999-00,893,..,..,539,..,678,526,1650,..,..,550,..,..,INDIA.STATEHIMACHALPRADESHDISTRICT,,,,,,,,,,,,,,,,,,,,,,,,,,
,2000-01,930,..,..,594,..,688,565,1800,..,..,383,..,..,INDIA.STATEHIMACHALPRADESHDISTRICT,,,,,,,,,,,,,,,,,,,,,,,,,,
SIRMUR,1998-99,763,..,475,500,..,605,455,1594,..,..,400,..,1550,INDIA.STATEHIMACHALPRADESHDISTRICT,,,,,,,,,,,,,,,,,,,,,,,,,,
,1999-00,692,..,..,521,..,613,470,1600,..,..,575,1500,..,INDIA.STATEHIMACHALPRADESHDISTRICT,,,,,,,,,,,,,,,,,,,,,,,,,,
,2000-01,555,..,..,495,..,653,510,2120,3200,..,406,..,2500,INDIA.STATEHIMACHALPRADESHDISTRICT,,,,,,,,,,,,,,,,,,,,,,,,,,
SOLAN,1998-99,607,..,800,504,..,603,600,1757,..,..,880,..,1900,INDIA.STATEHIMACHALPRADESHDISTRICT,,,,,,,,,,,,,,,,,,,,,,,,,,
,1999-00,636,..,800,539,..,625,600,1757,1200,..,700,..,2200,INDIA.STATEHIMACHALPRADESHDISTRICT,,,,,,,,,,,,,,,,,,,,,,,,,,
,2000-01,655,..,..,546,..,625,621,1886,1600,..,406,..,2100,INDIA.STATEHIMACHALPRADESHDISTRICT,,,,,,,,,,,,,,,,,,,,,,,,,,
UNA,1998-99,473,..,..,544,..,612,600,1517,..,..,550,..,2100,INDIA.STATEHIMACHALPRADESHDISTRICT,,,,,,,,,,,,,,,,,,,,,,,,,,
,1999-00,530,..,..,540,..,625,600,1775,..,..,300,..,2250,INDIA.STATEHIMACHALPRADESHDISTRICT,,,,,,,,,,,,,,,,,,,,,,,,,,
,2000-01,485,..,..,495,..,638,600,2150,..,..,400,..,2150,INDIA.STATEHIMACHALPRADESHDISTRICT,,,,,,,,,,,,,,,,,,,,,,,,,,
HIMACHAL PRADESH,1998-99,582,..,638,509,..,625,560,1597,..,..,645,1006,1850,INDIA.STATEHIMACHALPRADESHDISTRICT,,,,,,,,,,,,,,,,,,,,,,,,,,
(S.W.Average),1999-00,636,..,800,530,..,671,578,1662,1767,..,536,..,1983,INDIA.STATEHIMACHALPRADESHDISTRICT,,,,,,,,,,,,,,,,,,,,,,,,,,
,2000-01,625,..,..,549,..,739,642,2029,2067,..,559,1065,2250,INDIA.STATEHIMACHALPRADESHDISTRICT,,,,,,,,,,,,,,,,,,,,,,,,,,
BILASPUR,1998-99,,,,,,,,,,,,,,INDIA.STATEHIMACHALPRADESHDISTRICT,1867,2967,3000,..,..,..,..,..,..,1267,6000,2000,..,,,,,,,,,,,,,
,1999-00,,,,,,,,,,,,,,INDIA.STATEHIMACHALPRADESHDISTRICT,1600,2433,2300,..,..,..,..,..,..,1300,5667,2000,..,,,,,,,,,,,,,
,2000-01,,,,,,,,,,,,,,INDIA.STATEHIMACHALPRADESHDISTRICT,1600,2600,2300,..,..,..,..,..,..,1600,5000,2400,..,,,,,,,,,,,,,
CHAMBA,1998-99,,,,,,,,,,,,,,INDIA.STATEHIMACHALPRADESHDISTRICT,1975,4000,1800,..,..,..,..,..,..,2800,6500,..,..,,,,,,,,,,,,,
,1999-00,,,,,,,,,,,,,,INDIA.STATEHIMACHALPRADESHDISTRICT,2114,4000,3000,..,..,..,..,..,..,2800,6300,..,..,,,,,,,,,,,,,
,2000-01,,,,,,,,,,,,,,INDIA.STATEHIMACHALPRADESHDISTRICT,2183,4500,3000,..,..,..,..,..,..,3000,6500,..,..,,,,,,,,,,,,,
HAMIRPUR,1998-99,,,,,,,,,,,,,,INDIA.STATEHIMACHALPRADESHDISTRICT,2016,3150,2066,..,..,4800,..,..,..,1450,5938,3250,..,,,,,,,,,,,,,
,1999-00,,,,,,,,,,,,,,INDIA.STATEHIMACHALPRADESHDISTRICT,1950,3513,2170,..,..,3750,..,..,..,1150,5688,3751,..,,,,,,,,,,,,,
,2000-01,,,,,,,,,,,,,,INDIA.STATEHIMACHALPRADESHDISTRICT,1651,3111,2331,..,..,3900,..,..,..,1300,5933,3540,..,,,,,,,,,,,,,
KANGRA,1998-99,,,,,,,,,,,,,,INDIA.STATEHIMACHALPRADESHDISTRICT,1936,2300,1574,..,..,..,..,..,..,2033,..,..,..,,,,,,,,,,,,,
,1999-00,,,,,,,,,,,,,,INDIA.STATEHIMACHALPRADESHDISTRICT,1825,3283,1850,..,..,..,..,..,..,2200,..,..,..,,,,,,,,,,,,,
,2000-01,,,,,,,,,,,,,,INDIA.STATEHIMACHALPRADESHDISTRICT,1840,3044,1450,..,..,..,..,..,..,1750,6000,4500,..,,,,,,,,,,,,,
KINNOR,1998-99,,,,,,,,,,,,,,INDIA.STATEHIMACHALPRADESHDISTRICT,..,..,..,..,..,..,..,..,..,..,..,..,..,,,,,,,,,,,,,
,1999-00,,,,,,,,,,,,,,INDIA.STATEHIMACHALPRADESHDISTRICT,..,..,..,..,..,..,..,..,..,..,..,..,..,,,,,,,,,,,,,
,2000-01,,,,,,,,,,,,,,INDIA.STATEHIMACHALPRADESHDISTRICT,..,..,..,..,..,..,..,..,..,..,..,..,..,,,,,,,,,,,,,
KULU,1998-99,,,,,,,,,,,,,,INDIA.STATEHIMACHALPRADESHDISTRICT,1980,..,..,..,..,..,..,..,..,..,4600,..,..,,,,,,,,,,,,,
,1999-00,,,,,,,,,,,,,,INDIA.STATEHIMACHALPRADESHDISTRICT,2100,..,..,..,..,..,..,..,..,..,..,..,..,,,,,,,,,,,,,
,2000-01,,,,,,,,,,,,,,INDIA.STATEHIMACHALPRADESHDISTRICT,2150,..,..,..,..,..,..,..,..,..,..,..,..,,,,,,,,,,,,,
LAHAUL-SPITI,1998-99,,,,,,,,,,,,,,INDIA.STATEHIMACHALPRADESHDISTRICT,1767,2985,..,..,..,..,..,..,..,..,..,..,..,,,,,,,,,,,,,
,1999-00,,,,,,,,,,,,,,INDIA.STATEHIMACHALPRADESHDISTRICT,1350,..,..,..,..,..,..,..,..,..,..,..,..,,,,,,,,,,,,,
,1998-99,,,,,,,,,,,,,,INDIA.STATEHIMACHALPRADESHDISTRICT,1550,..,..,..,..,..,..,..,..,..,5319,3666,..,,,,,,,,,,,,,
MANDI,1998-99,,,,,,,,,,,,,,INDIA.STATEHIMACHALPRADESHDISTRICT,1760,..,1675,..,..,..,..,..,..,2408,5400,3533,..,,,,,,,,,,,,,
,1999-00,,,,,,,,,,,,,,INDIA.STATEHIMACHALPRADESHDISTRICT,1803,3942,1718,..,..,..,..,..,..,1966,5319,3666,..,,,,,,,,,,,,,
,2000-01,,,,,,,,,,,,,,INDIA.STATEHIMACHALPRADESHDISTRICT,1837,3492,1102,..,..,..,..,..,..,1966,..,..,..,,,,,,,,,,,,,
SIMLA,1998-99,,,,,,,,,,,,,,INDIA.STATEHIMACHALPRADESHDISTRICT,1800,..,..,..,..,..,..,..,..,1500,..,..,..,,,,,,,,,,,,,
,1999-00,,,,,,,,,,,,,,INDIA.STATEHIMACHALPRADESHDISTRICT,2167,..,..,..,..,..,..,..,..,1350,..,..,..,,,,,,,,,,,,,
,2000-01,,,,,,,,,,,,,,INDIA.STATEHIMACHALPRADESHDISTRICT,2150,..,..,..,..,..,..,..,..,1200,4430,1850,..,,,,,,,,,,,,,
SIRMUR,1998-99,,,,,,,,,,,,,,INDIA.STATEHIMACHALPRADESHDISTRICT,1430,2286,..,..,..,3350,..,..,..,1430,3600,1533,..,,,,,,,,,,,,,
,1999-00,,,,,,,,,,,,,,INDIA.STATEHIMACHALPRADESHDISTRICT,1390,2333,..,..,..,3000,..,..,..,1567,4111,1500,..,,,,,,,,,,,,,
,2000-01,,,,,,,,,,,,,,INDIA.STATEHIMACHALPRADESHDISTRICT,1493,2750,..,..,..,..,..,..,..,1720,6180,1850,..,,,,,,,,,,,,,
SOLAN,1998-99,,,,,,,,,,,,,,INDIA.STATEHIMACHALPRADESHDISTRICT,2592,2450,..,..,..,2500,..,..,..,1567,5900,3000,..,,,,,,,,,,,,,
,1999-00,,,,,,,,,,,,,,INDIA.STATEHIMACHALPRADESHDISTRICT,2478,3567,..,..,..,2500,..,..,..,2033,6000,4000,..,,,,,,,,,,,,,
,2000-01,,,,,,,,,,,,,,INDIA.STATEHIMACHALPRADESHDISTRICT,2142,3200,2300,..,..,2500,..,..,..,1783,6180,4000,..,,,,,,,,,,,,,
UNA,1998-99,,,,,,,,,,,,,,INDIA.STATEHIMACHALPRADESHDISTRICT,1817,2920,1900,..,..,2700,..,..,..,3000,5400,3333,..,,,,,,,,,,,,,
,1999-00,,,,,,,,,,,,,,INDIA.STATEHIMACHALPRADESHDISTRICT,1978,3100,1700,..,..,2500,..,..,..,3000,4733,3750,..,,,,,,,,,,,,,
,2000-01,,,,,,,,,,,,,,INDIA.STATEHIMACHALPRADESHDISTRICT,1890,3080,1800,..,..,3000,..,..,..,3000,4750,4666,..,,,,,,,,,,,,,
HIMACHAL PRADESH,1998-99,,,,,,,,,,,,,,INDIA.STATEHIMACHALPRADESHDISTRICT,1904,3007,2003,..,..,3338,..,..,..,1939,5417,2775,..,,,,,,,,,,,,,
(S.W.Average),1999-00,,,,,,,,,,,,,,INDIA.STATEHIMACHALPRADESHDISTRICT,1887,3271,2123,..,..,2938,..,..,..,1796,5571,3111,..,,,,,,,,,,,,,
,2000-01,,,,,,,,,,,,,,INDIA.STATEHIMACHALPRADESHDISTRICT,1862,3278,2040,..,..,3133,..,..,..,1790,5623,3517,..,,,,,,,,,,,,,
ADILABAD,1998-99,443,499,415,427,..,..,..,1162,1661,981,..,4391,1191,INDIA.STATEANDHRAPRADESHDISTRICT-W,,,,,,,,,,,,,,,,,,,,,,,,,,
,1999-00,555,570,438,449,..,..,..,1203,1362,715,..,..,1250,INDIA.STATEANDHRAPRADESHDISTRICT-W,,,,,,,,,,,,,,,,,,,,,,,,,,
,2000-01,499,479,..,417,..,..,..,1450,1380,629,..,2090,1882,INDIA.STATEANDHRAPRADESHDISTRICT-W,,,,,,,,,,,,,,,,,,,,,,,,,,
KARIMNAGAR,1998-99,448,513,415,437,..,..,..,1157,1551,981,..,4391,1137,INDIA.STATEANDHRAPRADESHDISTRICT-W,,,,,,,,,,,,,,,,,,,,,,,,,,
,1999-00,534,570,438,452,..,..,..,1365,1362,..,..,4585,1198,INDIA.STATEANDHRAPRADESHDISTRICT-W,,,,,,,,,,,,,,,,,,,,,,,,,,
,2000-01,490,479,..,366,..,..,..,1466,1380,629,..,2090,1233,INDIA.STATEANDHRAPRADESHDISTRICT-W,,,,,,,,,,,,,,,,,,,,,,,,,,
WARANGAL,1998-99,502,519,374,436,..,..,..,1162,1623,..,..,4391,1174,INDIA.STATEANDHRAPRADESHDISTRICT-W,,,,,,,,,,,,,,,,,,,,,,,,,,
,1999-00,573,577,438,446,..,..,..,1365,1418,..,..,4585,1187,INDIA.STATEANDHRAPRADESHDISTRICT-W,,,,,,,,,,,,,,,,,,,,,,,,,,
,2000-01,508,628,418,375,..,..,..,1466,1292,..,..,2090,1141,INDIA.STATEANDHRAPRADESHDISTRICT-W,,,,,,,,,,,,,,,,,,,,,,,,,,
KHAMMAY,1998-99,465,470,394,460,400,..,..,..,1623,981,..,4391,1198,INDIA.STATEANDHRAPRADESHDISTRICT-W,,,,,,,,,,,,,,,,,,,,,,,,,,
,1999-00,492,593,438,415,425,..,..,1315,1450,715,..,4585,1153,INDIA.STATEANDHRAPRADESHDISTRICT-W,,,,,,,,,,,,,,,,,,,,,,,,,,
,2000-01,511,613,418,358,448,..,..,1466,1308,1426,..,2090,1157,INDIA.STATEANDHRAPRADESHDISTRICT-W,,,,,,,,,,,,,,,,,,,,,,,,,,
NALGONDA,1998-99,461,454,400,441,..,..,..,1162,1623,981,..,4391,1235,INDIA.STATEANDHRAPRADESHDISTRICT-W,,,,,,,,,,,,,,,,,,,,,,,,,,
,1999-00,561,575,438,415,..,..,..,1365,1362,715,..,4585,1222,INDIA.STATEANDHRAPRADESHDISTRICT-W,,,,,,,,,,,,,,,,,,,,,,,,,,
,2000-01,477,524,418,358,444,..,..,1466,1308,1426,..,..,1081,INDIA.STATEANDHRAPRADESHDISTRICT-W,,,,,,,,,,,,,,,,,,,,,,,,,,
ANDHRA PRADESH,1998-99,484,604,422,439,432,..,..,1168,1570,978,..,4429,1309,INDIA.STATEANDHRAPRADESHDISTRICT-W,,,,,,,,,,,,,,,,,,,,,,,,,,
(State weighted,1999-00,539,681,487,441,462,..,..,1364,1469,884,..,3528,1238,INDIA.STATEANDHRAPRADESHDISTRICT-W,,,,,,,,,,,,,,,,,,,,,,,,,,
average),2000-01,500,487,364,377,440,..,..,1746,1285,872,..,2090,1189,INDIA.STATEANDHRAPRADESHDISTRICT-W,,,,,,,,,,,,,,,,,,,,,,,,,,
AMBALA,1998-99,1320r,..,..,550,..,550,470,..,..,1075,250,..,..,INDIA.STATEHARYANADISTRICT-WISE,,,,,,,,,,,,,,,,,,,,,,,,,,
,1999-00,525,340,350,500,..,590,400,1200,..,1000,200,..,..,INDIA.STATEHARYANADISTRICT-WISE,,,,,,,,,,,,,,,,,,,,,,,,,,
,2000-01,1128r,..,..,510,..,575,..,..,..,1000,550,..,..,INDIA.STATEHARYANADISTRICT-WISE,,,,,,,,,,,,,,,,,,,,,,,,,,
YAMUNANAGAR,1998-99,975r,..,..,550,..,550,500,..,..,1100,250,..,1500,INDIA.STATEHARYANADISTRICT-WISE,,,,,,,,,,,,,,,,,,,,,,,,,,
,1999-00,525,650,..,650,..,580,625,..,..,1000,200,..,2000,INDIA.STATEHARYANADISTRICT-WISE,,,,,,,,,,,,,,,,,,,,,,,,,,
,2000-01,900r,..,400,680,..,650,..,..,..,1000,450,..,2200,INDIA.STATEHARYANADISTRICT-WISE,,,,,,,,,,,,,,,,,,,,,,,,,,
KURUKSHETRA,1998-99,..,..,675,..,..,550,500,..,..,1150,250,..,..,INDIA.STATEHARYANADISTRICT-WISE,,,,,,,,,,,,,,,,,,,,,,,,,,
,1999-00,495,1100,700,700,..,580,650,..,..,1100,100,..,..,INDIA.STATEHARYANADISTRICT-WISE,,,,,,,,,,,,,,,,,,,,,,,,,,
,2000-01,1850r,..,..,..,..,580,..,..,..,750,400,..,..,INDIA.STATEHARYANADISTRICT-WISE,,,,,,,,,,,,,,,,,,,,,,,,,,
KAITHAL,1998-99,1500r,..,400,..,..,550,450,1000,..,1150,400,..,..,INDIA.STATEHARYANADISTRICT-WISE,,,,,,,,,,,,,,,,,,,,,,,,,,
,1999-00,1100r,..,600,700,..,585,..,2000,..,1100,350,..,..,INDIA.STATEHARYANADISTRICT-WISE,,,,,,,,,,,,,,,,,,,,,,,,,,
,2000-01,1100r,..,600,..,..,600,..,..,..,1000,350,..,..,INDIA.STATEHARYANADISTRICT-WISE,,,,,,,,,,,,,,,,,,,,,,,,,,
KARNAL,1998-99,1800r,..,..,800,..,550,400,1300,..,1200,450,..,..,INDIA.STATEHARYANADISTRICT-WISE,,,,,,,,,,,,,,,,,,,,,,,,,,
,1999-00,525,1000,600,700,..,580,600,1800,..,1000,400,..,..,INDIA.STATEHARYANADISTRICT-WISE,,,,,,,,,,,,,,,,,,,,,,,,,,
,2000-01,525,..,600,700,..,580,..,1800,..,1000,400,..,..,INDIA.STATEHARYANADISTRICT-WISE,,,,,,,,,,,,,,,,,,,,,,,,,,
PANIPAT,1998-99,1800r,..,..,..,..,550,500,1250,..,1200,..,..,..,INDIA.STATEHARYANADISTRICT-WISE,,,,,,,,,,,,,,,,,,,,,,,,,,
,1999-00,520,..,500,550,..,585,700,1600,..,900,425,..,..,INDIA.STATEHARYANADISTRICT-WISE,,,,,,,,,,,,,,,,,,,,,,,,,,
,2000-01,560,..,..,..,..,610,..,..,..,900,700,..,..,INDIA.STATEHARYANADISTRICT-WISE,,,,,,,,,,,,,,,,,,,,,,,,,,
ROHTAK,1998-99,1750r,390,475,..,..,550,500,1250,..,1210,..,..,..,INDIA.STATEHARYANADISTRICT-WISE,,,,,,,,,,,,,,,,,,,,,,,,,,
,1999-00,650,400,400,550,..,600,500,1800,..,1150,380,..,..,INDIA.STATEHARYANADISTRICT-WISE,,,,,,,,,,,,,,,,,,,,,,,,,,
,2000-01,650,550,400,..,..,600,500,1800,..,1000,380,..,..,INDIA.STATEHARYANADISTRICT-WISE,,,,,,,,,,,,,,,,,,,,,,,,,,
SONIPAT,1998-99,1750r,390,475,..,..,550,850,1250,..,1000,550,..,..,INDIA.STATEHARYANADISTRICT-WISE,,,,,,,,,,,,,,,,,,,,,,,,,,
,1999-00,450,450,300,450,..,550,520,1200,..,1000,120,..,..,INDIA.STATEHARYANADISTRICT-WISE,,,,,,,,,,,,,,,,,,,,,,,,,,
,2000-01,570,480,350,..,..,600,..,..,..,1100,130,..,..,INDIA.STATEHARYANADISTRICT-WISE,,,,,,,,,,,,,,,,,,,,,,,,,,
HISSAR,1998-99,..,..,500,..,..,550,470,1200,..,1250,500,..,..,INDIA.STATEHARYANADISTRICT-WISE,,,,,,,,,,,,,,,,,,,,,,,,,,
,1999-00,750,600,700,650,..,590,525,1470,..,1000,800,..,..,INDIA.STATEHARYANADISTRICT-WISE,,,,,,,,,,,,,,,,,,,,,,,,,,
,2000-01,900,..,500,..,..,610,400,2000,..,1350,500,..,..,INDIA.STATEHARYANADISTRICT-WISE,,,,,,,,,,,,,,,,,,,,,,,,,,
SIRSA,1998-99,1900r,..,500,..,..,550,470,1250,..,..,..,..,1525,INDIA.STATEHARYANADISTRICT-WISE(Co,,,,,,,,,,,,,,,,,,,,,,,,,,
,1999-00,580,500,400,525,..,610,400,1100,..,900,800,..,2500,INDIA.STATEHARYANADISTRICT-WISE(Co,,,,,,,,,,,,,,,,,,,,,,,,,,
,2000-01,500,..,400,..,..,582,330,1650,..,900,300,..,2500,INDIA.STATEHARYANADISTRICT-WISE(Co,,,,,,,,,,,,,,,,,,,,,,,,,,
BHIWANI,1998-99,1900r,1000,500,..,..,..,450,1250,..,1200,..,..,..,INDIA.STATEHARYANADISTRICT-WISE(Co,,,,,,,,,,,,,,,,,,,,,,,,,,
,1999-00,700,500,550,500,..,610,450,1100,..,1300,800,..,..,INDIA.STATEHARYANADISTRICT-WISE(Co,,,,,,,,,,,,,,,,,,,,,,,,,,
,2000-01,650,..,550,..,..,610,450,1100,..,1300,500,..,..,INDIA.STATEHARYANADISTRICT-WISE(Co,,,,,,,,,,,,,,,,,,,,,,,,,,
GURGAON,1998-99,950r,1000,412,..,..,..,450,1200,..,..,..,..,..,INDIA.STATEHARYANADISTRICT-WISE(Co,,,,,,,,,,,,,,,,,,,,,,,,,,
,1999-00,550,575,425,..,..,625,575,1300,..,..,600,..,..,INDIA.STATEHARYANADISTRICT-WISE(Co,,,,,,,,,,,,,,,,,,,,,,,,,,
,2000-01,750r,656,450,..,..,675,450,1700,..,..,700,..,..,INDIA.STATEHARYANADISTRICT-WISE(Co,,,,,,,,,,,,,,,,,,,,,,,,,,
FARIDABAD,1998-99,950r,1000,415,..,..,..,450,1200,..,900,450,..,..,INDIA.STATEHARYANADISTRICT-WISE(Co,,,,,,,,,,,,,,,,,,,,,,,,,,
,1999-00,740r,1000,495,750,..,580,475,1300,..,1150,600,..,..,INDIA.STATEHARYANADISTRICT-WISE(Co,,,,,,,,,,,,,,,,,,,,,,,,,,
,2000-01,550,1000,390,795,..,630,500,..,..,1000,790,..,..,INDIA.STATEHARYANADISTRICT-WISE(Co,,,,,,,,,,,,,,,,,,,,,,,,,,
JIND,1998-99,1900r,..,505,..,..,..,470,1250,..,700,500,..,..,INDIA.STATEHARYANADISTRICT-WISE(Co,,,,,,,,,,,,,,,,,,,,,,,,,,
,1999-00,460,600,400,..,..,555,495,1300,..,1500,800,..,..,INDIA.STATEHARYANADISTRICT-WISE(Co,,,,,,,,,,,,,,,,,,,,,,,,,,
,2000-01,740r,..,372,..,..,521,394,990,..,1300,..,..,..,INDIA.STATEHARYANADISTRICT-WISE(Co,,,,,,,,,,,,,,,,,,,,,,,,,,
MOHINDERGARH,1998-99,..,..,425,..,..,..,470,1250,..,800,..,..,..,INDIA.STATEHARYANADISTRICT-WISE(Co,,,,,,,,,,,,,,,,,,,,,,,,,,
,1999-00,1400r,475,500,600,..,650,650,1500,..,..,..,..,..,INDIA.STATEHARYANADISTRICT-WISE(Co,,,,,,,,,,,,,,,,,,,,,,,,,,
,2000-01,..,..,320,..,..,610,450,2100,..,..,..,..,..,INDIA.STATEHARYANADISTRICT-WISE(Co,,,,,,,,,,,,,,,,,,,,,,,,,,
REWARI,1998-99,950r,..,425,..,..,550,495,1203,..,1175,..,..,..,INDIA.STATEHARYANADISTRICT-WISE(Co,,,,,,,,,,,,,,,,,,,,,,,,,,
,1999-00,1400r,630,525,..,..,740,525,1200,..,1125,350,..,..,INDIA.STATEHARYANADISTRICT-WISE(Co,,,,,,,,,,,,,,,,,,,,,,,,,,
,2000-01,1400r,..,381,..,..,580,435,1685,..,..,..,..,..,INDIA.STATEHARYANADISTRICT-WISE(Co,,,,,,,,,,,,,,,,,,,,,,,,,,
PUNCHKULA,1998-99,1320r,..,375,550,..,570,..,1350,..,1075,..,..,1500,INDIA.STATEHARYANADISTRICT-WISE(Co,,,,,,,,,,,,,,,,,,,,,,,,,,
,1999-00,525,..,425,450,..,600,500,1500,..,1000,200,..,1700,INDIA.STATEHARYANADISTRICT-WISE(Co,,,,,,,,,,,,,,,,,,,,,,,,,,
,2000-01,1125r,..,425,510,..,600,500,1500,..,1000,..,..,1700,INDIA.STATEHARYANADISTRICT-WISE(Co,,,,,,,,,,,,,,,,,,,,,,,,,,
JHAJJAR,1998-99,1750r,390,475,..,..,550,500,1250,..,800,..,..,..,INDIA.STATEHARYANADISTRICT-WISE(Co,,,,,,,,,,,,,,,,,,,,,,,,,,
,1999-00,580,465,575,360,..,580,560,1350,..,1150,400,..,..,INDIA.STATEHARYANADISTRICT-WISE(Co,,,,,,,,,,,,,,,,,,,,,,,,,,
,2000-01,600,500,350,..,..,600,400,1950,..,1150,..,..,..,INDIA.STATEHARYANADISTRICT-WISE(Co,,,,,,,,,,,,,,,,,,,,,,,,,,
FATEHABAD,1998-99,2400r,..,500,..,..,550,470,1200,..,1250,..,..,..,INDIA.STATEHARYANADISTRICT-WISE(Co,,,,,,,,,,,,,,,,,,,,,,,,,,
,1999-00,580,..,425,500,..,580,545,1371,..,1500,200,..,..,INDIA.STATEHARYANADISTRICT-WISE(Co,,,,,,,,,,,,,,,,,,,,,,,,,,
,2000-01,580,..,362,..,..,580,370,2100,..,900,300,..,..,INDIA.STATEHARYANADISTRICT-WISE(Co,,,,,,,,,,,,,,,,,,,,,,,,,,
HARYANA,1998-99,1634r,333,466,562,..,558,470,1238,..,1095,294,..,1518,INDIA.STATEHARYANADISTRICT-WISE(Co,,,,,,,,,,,,,,,,,,,,,,,,,,
(S.W.AVERAGE),1999-00,835r,577,527,504,..,549,496,1251,..,1083,230,..,2040,INDIA.STATEHARYANADISTRICT-WISE(Co,,,,,,,,,,,,,,,,,,,,,,,,,,
,2000-01,912r,600,433,558,. .,594,408,1347,..,996,432,..,2350,INDIA.STATEHARYANADISTRICT-WISE(Co,,,,,,,,,,,,,,,,,,,,,,,,,,
AMBALA,1998-99,,,,,,,,,,,,,,INDIA.STATEHARYANADISTRICT-WISE(Co,1250,..,..,..,..,..,..,..,..,..,3000,..,..,,,,,,,,,,,,,
,1999-00,,,,,,,,,,,,,,INDIA.STATEHARYANADISTRICT-WISE(Co,950,..,..,..,920,1750D,..,..,..,..,2000,..,..,,,,,,,,,,,,,
,2000-01,,,,,,,,,,,,,,INDIA.STATEHARYANADISTRICT-WISE(Co,..,..,..,..,..,..,..,..,..,..,1663,..,..,,,,,,,,,,,,,
YAMUNANAGAR,1998-99,,,,,,,,,,,,,,INDIA.STATEHARYANADISTRICT-WISE(Co,1750,..,..,..,..,..,..,..,..,..,..,..,..,,,,,,,,,,,,,
,1999-00,,,,,,,,,,,,,,INDIA.STATEHARYANADISTRICT-WISE(Co,1100,..,..,..,1150,..,..,..,..,..,..,..,..,,,,,,,,,,,,,
,2000-01,,,,,,,,,,,,,,INDIA.STATEHARYANADISTRICT-WISE(Co,1200,..,..,..,..,..,..,..,..,..,..,..,..,,,,,,,,,,,,,
KURUKSHETRA,1998-99,,,,,,,,,,,,,,INDIA.STATEHARYANADISTRICT-WISE(Co,..,..,..,..,..,..,..,..,..,..,1800,..,..,,,,,,,,,,,,,
,1999-00,,,,,,,,,,,,,,INDIA.STATEHARYANADISTRICT-WISE(Co,..,..,..,..,..,1800D,..,..,..,..,3000,..,..,,,,,,,,,,,,,
,2000-01,,,,,,,,,,,,,,INDIA.STATEHARYANADISTRICT-WISE(Co,..,..,..,..,..,..,..,..,..,..,1600,..,..,,,,,,,,,,,,,
KAITHAL,1998-99,,,,,,,,,,,,,,INDIA.STATEHARYANADISTRICT-WISE(Co,1300,..,..,..,..,..,..,..,..,..,1800,..,..,,,,,,,,,,,,,
,1999-00,,,,,,,,,,,,,,INDIA.STATEHARYANADISTRICT-WISE(Co,1200,..,..,..,900,1800A,..,..,..,..,..,..,..,,,,,,,,,,,,,
,2000-01,,,,,,,,,,,,,,INDIA.STATEHARYANADISTRICT-WISE(Co,1200,..,..,..,1000,2000D,..,..,..,..,1600,..,..,,,,,,,,,,,,,
KARNAL,1998-99,,,,,,,,,,,,,,INDIA.STATEHARYANADISTRICT-WISE(Co,1200,..,..,..,..,2000A,..,..,..,..,..,..,..,,,,,,,,,,,,,
,1999-00,,,,,,,,,,,,,,INDIA.STATEHARYANADISTRICT-WISE(Co,..,..,..,..,..,..,..,..,..,..,2500,..,..,,,,,,,,,,,,,
,2000-01,,,,,,,,,,,,,,INDIA.STATEHARYANADISTRICT-WISE(Co,1000,..,..,..,..,..,..,..,..,..,2500,..,..,,,,,,,,,,,,,
PANIPAT,1998-99,,,,,,,,,,,,,,INDIA.STATEHARYANADISTRICT-WISE(Co,1350,..,..,..,..,..,..,..,..,..,1800,..,..,,,,,,,,,,,,,
,1999-00,,,,,,,,,,,,,,INDIA.STATEHARYANADISTRICT-WISE(Co,1200,..,..,..,..,..,..,..,..,..,2000,..,..,,,,,,,,,,,,,
,2000-01,,,,,,,,,,,,,,INDIA.STATEHARYANADISTRICT-WISE(Co,1200,..,..,..,1000,..,..,..,..,..,2225,..,..,,,,,,,,,,,,,
ROHTAK,1998-99,,,,,,,,,,,,,,INDIA.STATEHARYANADISTRICT-WISE(Co,1350,..,..,..,..,1475D,..,..,..,..,..,..,..,,,,,,,,,,,,,
,,,,,,,,,,,,,,,INDIA.STATEHARYANADISTRICT-WISE(Co,..,..,..,..,..,1475A,..,..,..,..,..,..,..,,,,,,,,,,,,,
,1999-00,,,,,,,,,,,,,,INDIA.STATEHARYANADISTRICT-WISE(Co,1350,..,..,..,..,2000D,..,..,..,..,..,..,..,,,,,,,,,,,,,
,,,,,,,,,,,,,,,INDIA.STATEHARYANADISTRICT-WISE(Co,..,..,..,..,..,2600A,..,..,..,..,..,..,..,,,,,,,,,,,,,
,2000-01,,,,,,,,,,,,,,INDIA.STATEHARYANADISTRICT-WISE(Co,1400,3000,..,..,..,1200D,..,..,..,..,..,..,..,,,,,,,,,,,,,
,,,,,,,,,,,,,,,INDIA.STATEHARYANADISTRICT-WISE(Co,..,..,..,..,..,1150A,..,..,..,..,..,..,..,,,,,,,,,,,,,
SONIPAT,1998-99,,,,,,,,,,,,,,INDIA.STATEHARYANADISTRICT-WISE(Co,1200,..,..,..,..,1475D,..,..,..,..,1800,..,..,,,,,,,,,,,,,
,1999-00,,,,,,,,,,,,,,INDIA.STATEHARYANADISTRICT-WISE(Co,750,..,..,..,..,1850D,..,..,..,..,2500,..,..,,,,,,,,,,,,,
,2000-01,,,,,,,,,,,,,,INDIA.STATEHARYANADISTRICT-WISE(Co,1000,..,..,..,..,1900D,..,..,..,..,1600,..,..,,,,,,,,,,,,,
HISSAR,1998-99,,,,,,,,,,,,,,INDIA.STATEHARYANADISTRICT-WISE(Co,1200,5000,..,..,..,2000D,..,..,..,..,1800,..,..,,,,,,,,,,,,,
,,,,,,,,,,,,,,,INDIA.STATEHARYANADISTRICT-WISE(Co,..,..,..,..,..,2000A,..,..,..,..,..,..,..,,,,,,,,,,,,,
,1999-00,,,,,,,,,,,,,,INDIA.STATEHARYANADISTRICT-WISE(Co,1300,2500,..,..,..,1550D,..,..,..,..,2800,..,..,,,,,,,,,,,,,
,,,,,,,,,,,,,,,INDIA.STATEHARYANADISTRICT-WISE(Co,..,..,..,..,..,1700A,..,..,..,..,..,..,..,,,,,,,,,,,,,
,2000-01,,,,,,,,,,,,,,INDIA.STATEHARYANADISTRICT-WISE(Co,1200,2000,..,..,..,1600D,..,..,..,..,2200,..,..,,,,,,,,,,,,,
,,,,,,,,,,,,,,,INDIA.STATEHARYANADISTRICT-WISE(Co,..,..,..,..,..,2100A,..,..,..,..,..,..,..,,,,,,,,,,,,,
SIRSA,1998-99,,,,,,,,,,,,,,INDIA.STATEHARYANADISTRICT-WISE(Co,1300,5000,..,..,..,2000D,..,..,..,..,1800,..,..,,,,,,,,,,,,,
,,,,,,,,,,,,,,,INDIA.STATEHARYANADISTRICT-WISE(Co,..,..,..,..,..,2000A,..,..,..,..,..,..,..,,,,,,,,,,,,,
,1999-00,,,,,,,,,,,,,,INDIA.STATEHARYANADISTRICT-WISE(Co,1200,1500,..,..,..,1800D,..,..,..,..,6000,..,..,,,,,,,,,,,,,
,,,,,,,,,,,,,,,INDIA.STATEHARYANADISTRICT-WISE(Co,..,..,..,..,..,2000A,..,..,..,..,..,..,..,,,,,,,,,,,,,
,2000-01,,,,,,,,,,,,,,INDIA.STATEHARYANADISTRICT-WISE(Co,1200,1500,..,..,..,1640D,..,..,..,..,2000,..,..,,,,,,,,,,,,,
,,,,,,,,,,,,,,,INDIA.STATEHARYANADISTRICT-WISE(Co,..,..,..,..,..,1551A,..,..,..,..,..,..,..,,,,,,,,,,,,,
BHIWANI,1998-99,,,,,,,,,,,,,,INDIA.STATEHARYANADISTRICT-WISE(Co,1300,5000,..,..,..,2000D,..,..,..,..,..,..,..,,,,,,,,,,,,,
,,,,,,,,,,,,,,,INDIA.STATEHARYANADISTRICT-WISE(Co,..,..,..,..,..,2000A,..,..,..,..,..,..,..,,,,,,,,,,,,,
,1999-00,,,,,,,,,,,,,,INDIA.STATEHARYANADISTRICT-WISE(Co,1300,..,..,..,..,1900D,..,..,..,..,6000,..,..,,,,,,,,,,,,,
,,,,,,,,,,,,,,,INDIA.STATEHARYANADISTRICT-WISE(Co,..,..,..,..,..,1940A,..,..,..,..,..,..,..,,,,,,,,,,,,,
,2000-01,,,,,,,,,,,,,,INDIA.STATEHARYANADISTRICT-WISE(Co,1300,..,..,..,..,1900D,..,..,..,..,2000,..,..,,,,,,,,,,,,,
,,,,,,,,,,,,,,,INDIA.STATEHARYANADISTRICT-WISE(Co,..,..,..,..,..,1940A,..,..,..,..,..,..,..,,,,,,,,,,,,,
GURGAON,1998-99,,,,,,,,,,,,,,INDIA.STATEHARYANADISTRICT-WISE(Co,1200,2400,..,..,..,..,..,..,..,..,4550,..,..,,,,,,,,,,,,,
,1999-00,,,,,,,,,,,,,,INDIA.STATEHARYANADISTRICT-WISE(Co,1200,1800,..,..,..,..,..,..,..,..,4300,..,..,,,,,,,,,,,,,
,2000-01,,,,,,,,,,,,,,INDIA.STATEHARYANADISTRICT-WISE(Co,1300,2000,..,..,..,..,..,..,..,..,..,..,..,,,,,,,,,,,,,
FARIDABAD,1998-99,,,,,,,,,,,,,,INDIA.STATEHARYANADISTRICT-WISE(Co,1200,2400,..,..,..,..,..,..,..,..,..,..,..,,,,,,,,,,,,,
,1999-00,,,,,,,,,,,,,,INDIA.STATEHARYANADISTRICT-WISE(Co,1300,1900,..,..,..,..,..,..,..,..,5800,..,..,,,,,,,,,,,,,
,2000-01,,,,,,,,,,,,,,INDIA.STATEHARYANADISTRICT-WISE(Co,1100,1900,..,..,..,..,..,..,..,..,..,..,..,,,,,,,,,,,,,
JIND,1998-99,,,,,,,,,,,,,,INDIA.STATEHARYANADISTRICT-WISE(Co,1350,..,..,..,..,1475D,..,..,..,..,..,..,..,,,,,,,,,,,,,
,,,,,,,,,,,,,,,INDIA.STATEHARYANADISTRICT-WISE(Co,..,..,..,..,..,1475A,..,..,..,..,..,..,..,,,,,,,,,,,,,
,1999-00,,,,,,,,,,,,,,INDIA.STATEHARYANADISTRICT-WISE(Co,1075,2500,..,..,..,2000D,..,..,..,..,..,..,..,,,,,,,,,,,,,
,,,,,,,,,,,,,,,INDIA.STATEHARYANADISTRICT-WISE(Co,..,..,..,..,..,2000A,..,..,..,..,..,..,..,,,,,,,,,,,,,
,2000-01,,,,,,,,,,,,,,INDIA.STATEHARYANADISTRICT-WISE(Co,1367,..,..,..,..,1625D,..,..,..,..,..,..,..,,,,,,,,,,,,,
,,,,,,,,,,,,,,,INDIA.STATEHARYANADISTRICT-WISE(Co,..,..,..,..,..,1300A,..,..,..,..,..,..,..,,,,,,,,,,,,,
MOHINDERGARH,1998-99,,,,,,,,,,,,,,INDIA.STATEHARYANADISTRICT-WISE(Co,1200,..,..,..,..,1475A,..,..,..,..,..,..,..,,,,,,,,,,,,,
,1999-00,,,,,,,,,,,,,,INDIA.STATEHARYANADISTRICT-WISE(Co,1500,..,..,..,..,1500D,..,..,..,..,..,..,..,,,,,,,,,,,,,
,2000-01,,,,,,,,,,,,,,INDIA.STATEHARYANADISTRICT-WISE(Co,1500,..,..,..,..,1500A,..,..,..,..,..,..,..,,,,,,,,,,,,,
REWARI,1998-99,,,,,,,,,,,,,,INDIA.STATEHARYANADISTRICT-WISE(Co,1200,2400,..,..,..,1475A,..,..,..,..,..,..,..,,,,,,,,,,,,,
,1999-00,,,,,,,,,,,,,,INDIA.STATEHARYANADISTRICT-WISE(Co,950,3500,..,..,..,1400A,..,..,..,..,..,..,..,,,,,,,,,,,,,
,2000-01,,,,,,,,,,,,,,INDIA.STATEHARYANADISTRICT-WISE(Co,1175,..,..,..,..,1500A,..,..,..,..,..,..,..,,,,,,,,,,,,,
PUNCHKULA,1998-99,,,,,,,,,,,,,,INDIA.STATEHARYANADISTRICT-WISE(Co,1750,1700,..,..,..,..,..,..,..,..,3000,..,..,,,,,,,,,,,,,
,1999-00,,,,,,,,,,,,,,INDIA.STATEHARYANADISTRICT-WISE(Co,..,2500,..,..,..,..,..,..,..,..,2000,..,..,,,,,,,,,,,,,
,2000-01,,,,,,,,,,,,,,INDIA.STATEHARYANADISTRICT-WISE(Co,..,..,..,..,..,..,..,..,..,..,..,..,..,,,,,,,,,,,,,
JHAJJAR,1998-99,,,,,,,,,,,,,,INDIA.STATEHARYANADISTRICT-WISE(Co,1350,2500,..,..,..,1475A,..,..,..,..,..,..,..,,,,,,,,,,,,,
,1999-00,,,,,,,,,,,,,,INDIA.STATEHARYANADISTRICT-WISE(Co,1100,3200,..,..,..,1400A,..,..,..,..,..,..,..,,,,,,,,,,,,,
,2000-01,,,,,,,,,,,,,,INDIA.STATEHARYANADISTRICT-WISE(Co,1325,..,..,..,..,1400D,..,..,..,..,..,. .,..,,,,,,,,,,,,,
FATEHABAD,1998-99,,,,,,,,,,,,,,INDIA.STATEHARYANADISTRICT-WISE(Co,1200,..,..,..,..,2000D,..,..,..,..,..,..,..,,,,,,,,,,,,,
,,,,,,,,,,,,,,,INDIA.STATEHARYANADISTRICT-WISE(Co,..,..,..,..,..,2000A,..,..,..,..,..,..,..,,,,,,,,,,,,,
,1999-00,,,,,,,,,,,,,,INDIA.STATEHARYANADISTRICT-WISE(Co,1200,2500,..,..,..,1800D,..,..,..,..,6000,..,..,,,,,,,,,,,,,
,,,,,,,,,,,,,,,INDIA.STATEHARYANADISTRICT-WISE(Co,..,..,..,..,..,1800A,..,..,..,..,..,..,..,,,,,,,,,,,,,
,2000-01,,,,,,,,,,,,,,INDIA.STATEHARYANADISTRICT-WISE(Co,1200,1150,..,..,..,1800D,..,..,..,..,5500,..,..,,,,,,,,,,,,,
,,,,,,,,,,,,,,,INDIA.STATEHARYANADISTRICT-WISE(Co,..,..,..,..,..,1800A,..,..,..,..,..,..,..,,,,,,,,,,,,,
HARYANA,1998-99,,,,,,,,,,,,,,INDIA.STATEHARYANADISTRICT-WISE(Co,1248,3433,..,..,..,1936D,..,..,..,..,2387,..,..,,,,,,,,,,,,,
(S.W.AVERAGE),,,,,,,,,,,,,,,INDIA.STATEHARYANADISTRICT-WISE(Co,..,..,..,..,..,1960A,..,..,..,..,..,..,..,,,,,,,,,,,,,
,1999-00,,,,,,,,,,,,,,INDIA.STATEHARYANADISTRICT-WISE(Co,1248,1967,..,..,990,1741D,..,..,..,..,3216,..,..,,,,,,,,,,,,,
,,,,,,,,,,,,,,,INDIA.STATEHARYANADISTRICT-WISE(Co,..,..,..,..,..,1881A,..,. .,..,..,..,..,..,,,,,,,,,,,,,
,2000-01,,,,,,,,,,,,,,INDIA.STATEHARYANADISTRICT-WISE(Co,1291,1660,..,..,1000,1636D,..,..,..,..,2491,..,..,,,,,,,,,,,,,
,,,,,,,,,,,,,,,INDIA.STATEHARYANADISTRICT-WISE(Co,..,..,..,..,..,1767A,..,..,..,..,..,..,..,,,,,,,,,,,,,
ANANTNAG,1998-99,1000r,..,..,750,..,750,..,..,..,..,700,..,..,INDIA.STATEJAMMU&KASHMIRDISTRICT-W,,,,,,,,,,,,,,,,,,,,,,,,,,
,1999-00,1200r,..,..,800,..,800,..,..,..,..,500,..,..,INDIA.STATEJAMMU&KASHMIRDISTRICT-W,,,,,,,,,,,,,,,,,,,,,,,,,,
,2000-01,1300r,..,..,1000,..,800,..,..,..,..,750,..,..,INDIA.STATEJAMMU&KASHMIRDISTRICT-W,,,,,,,,,,,,,,,,,,,,,,,,,,
PULWARA,1998-99,1000r,..,..,700,..,750,..,..,..,..,700,..,..,INDIA.STATEJAMMU&KASHMIRDISTRICT-W,,,,,,,,,,,,,,,,,,,,,,,,,,
,1999-00,1250r,..,..,800,..,750,..,..,..,..,500,..,..,INDIA.STATEJAMMU&KASHMIRDISTRICT-W,,,,,,,,,,,,,,,,,,,,,,,,,,
,2000-01,1250r,..,..,800,..,800,..,..,..,..,750,..,..,INDIA.STATEJAMMU&KASHMIRDISTRICT-W,,,,,,,,,,,,,,,,,,,,,,,,,,
SRINAGAR,1998-99,1000r,..,..,750,..,750,..,..,..,..,700,..,..,INDIA.STATEJAMMU&KASHMIRDISTRICT-W,,,,,,,,,,,,,,,,,,,,,,,,,,
,1999-00,1200r,..,..,800,..,800,..,..,..,..,800,..,..,INDIA.STATEJAMMU&KASHMIRDISTRICT-W,,,,,,,,,,,,,,,,,,,,,,,,,,
,2000-01,1300r,..,..,800,..,800,..,..,..,..,800,..,..,INDIA.STATEJAMMU&KASHMIRDISTRICT-W,,,,,,,,,,,,,,,,,,,,,,,,,,
BADGAM,1998-99,1000r,..,..,700,..,700,..,..,..,..,680,..,..,INDIA.STATEJAMMU&KASHMIRDISTRICT-W,,,,,,,,,,,,,,,,,,,,,,,,,,
,1999-00,1300r,..,..,800,..,750,..,..,..,..,800,..,..,INDIA.STATEJAMMU&KASHMIRDISTRICT-W,,,,,,,,,,,,,,,,,,,,,,,,,,
,2000-01,1300r,..,..,800,..,750,..,..,..,..,800,..,..,INDIA.STATEJAMMU&KASHMIRDISTRICT-W,,,,,,,,,,,,,,,,,,,,,,,,,,
BARAMULLA,1998-99,1050r,..,..,750,..,750,..,..,..,..,700,..,..,INDIA.STATEJAMMU&KASHMIRDISTRICT-W,,,,,,,,,,,,,,,,,,,,,,,,,,
,1999-00,1350r,..,..,850,..,750,600,..,..,..,700,..,..,INDIA.STATEJAMMU&KASHMIRDISTRICT-W,,,,,,,,,,,,,,,,,,,,,,,,,,
,2000-01,1350r,..,..,850,..,750,650,..,..,..,750,..,..,INDIA.STATEJAMMU&KASHMIRDISTRICT-W,,,,,,,,,,,,,,,,,,,,,,,,,,
KUPWARA,1998-99,1050r,..,..,750,..,..,..,..,..,..,700,..,..,INDIA.STATEJAMMU&KASHMIRDISTRICT-W,,,,,,,,,,,,,,,,,,,,,,,,,,
,1999-00,1300r,..,..,800,..,..,..,..,..,..,700,..,..,INDIA.STATEJAMMU&KASHMIRDISTRICT-W,,,,,,,,,,,,,,,,,,,,,,,,,,
,2000-01,1300r,..,..,800,..,..,..,..,..,..,800,..,..,INDIA.STATEJAMMU&KASHMIRDISTRICT-W,,,,,,,,,,,,,,,,,,,,,,,,,,
LEH,1998-99,..,..,..,..,..,620,570,..,..,..,700,..,..,INDIA.STATEJAMMU&KASHMIRDISTRICT-W,,,,,,,,,,,,,,,,,,,,,,,,,,
,1999-00,..,..,..,..,..,800,600,..,..,..,500,..,..,INDIA.STATEJAMMU&KASHMIRDISTRICT-W,,,,,,,,,,,,,,,,,,,,,,,,,,
,2000-01,..,..,..,..,..,900,750,..,..,..,850,..,..,INDIA.STATEJAMMU&KASHMIRDISTRICT-W,,,,,,,,,,,,,,,,,,,,,,,,,,
KARGIL,1998-99,..,..,..,..,..,750,..,..,..,..,..,..,..,INDIA.STATEJAMMU&KASHMIRDISTRICT-W,,,,,,,,,,,,,,,,,,,,,,,,,,
,1999-00,..,..,..,..,..,800,..,..,..,..,..,..,..,INDIA.STATEJAMMU&KASHMIRDISTRICT-W,,,,,,,,,,,,,,,,,,,,,,,,,,
,2000-01,..,..,..,..,..,850,..,..,..,..,..,..,..,INDIA.STATEJAMMU&KASHMIRDISTRICT-W,,,,,,,,,,,,,,,,,,,,,,,,,,
JAMMU,1998-99,1000r,..,600,650,..,650,600,1250,..,250,600,1600,2000,INDIA.STATEJAMMU&KASHMIRDISTRICT-W,,,,,,,,,,,,,,,,,,,,,,,,,,
,1999-00,1000r,..,..,850,..,750,700,..,..,250,500,1500,2500,INDIA.STATEJAMMU&KASHMIRDISTRICT-W,,,,,,,,,,,,,,,,,,,,,,,,,,
,2000-01,1350r,..,..,650,..,700,750,..,..,..,600,..,..,INDIA.STATEJAMMU&KASHMIRDISTRICT-W,,,,,,,,,,,,,,,,,,,,,,,,,,
DODA,1998-99,950r,..,500,650,..,700,550,..,..,..,600,..,..,INDIA.STATEJAMMU&KASHMIRDISTRICT-W,,,,,,,,,,,,,,,,,,,,,,,,,,
,1999-00,1200r,..,..,850,..,800,650,..,..,..,600,..,..,INDIA.STATEJAMMU&KASHMIRDISTRICT-W,,,,,,,,,,,,,,,,,,,,,,,,,,
,2000-01,1250r,..,..,800,..,800,700,..,..,..,600,..,..,INDIA.STATEJAMMU&KASHMIRDISTRICT-W,,,,,,,,,,,,,,,,,,,,,,,,,,
UDHAMPUR,1998-99,1000r,..,425,650,..,700,550,1250,..,250,600,1600,..,INDIA.STATEJAMMU&KASHMIRDISTRICT-W,,,,,,,,,,,,,,,,,,,,,,,,,,
,1999-00,1100r,..,500,800,..,800,650,2400,..,250,600,1450,..,INDIA.STATEJAMMU&KASHMIRDISTRICT-W,,,,,,,,,,,,,,,,,,,,,,,,,,
,2000-01,1300r,..,..,750,..,800,700,..,..,..,600,..,..,INDIA.STATEJAMMU&KASHMIRDISTRICT-W,,,,,,,,,,,,,,,,,,,,,,,,,,
KATHUA,1998-99,1000r,650,550,610,..,665,600,1400,..,250,600,1460,..,INDIA.STATEJAMMU&KASHMIRDISTRICT-W,,,,,,,,,,,,,,,,,,,,,,,,,,
,1999-00,1100r,..,550,700,..,800,650,2500,..,250,500,1400,..,INDIA.STATEJAMMU&KASHMIRDISTRICT-W,,,,,,,,,,,,,,,,,,,,,,,,,,
,2000-01,1200r,..,..,700,..,750,650,..,..,..,600,..,..,INDIA.STATEJAMMU&KASHMIRDISTRICT-W,,,,,,,,,,,,,,,,,,,,,,,,,,
RAJOURI,1998-99,1050r,..,600,620,..,650,620,1350,..,..,600,1350,..,INDIA.STATEJAMMU&KASHMIRDISTRICT-W,,,,,,,,,,,,,,,,,,,,,,,,,,
,1999-00,1200r,..,550,700,..,750,700,2200,..,250,465,..,..,INDIA.STATEJAMMU&KASHMIRDISTRICT-W,,,,,,,,,,,,,,,,,,,,,,,,,,
,2000-01,1200r,..,..,700,..,800,700,..,..,..,650,..,..,INDIA.STATEJAMMU&KASHMIRDISTRICT-W,,,,,,,,,,,,,,,,,,,,,,,,,,
POONCH,1998-99,1050r,..,..,600,..,650,..,..,..,..,650,..,..,INDIA.STATEJAMMU&KASHMIRDISTRICT-W,,,,,,,,,,,,,,,,,,,,,,,,,,
,1999-00,1250r,..,..,700,..,800,..,..,..,..,500,..,..,INDIA.STATEJAMMU&KASHMIRDISTRICT-W,,,,,,,,,,,,,,,,,,,,,,,,,,
,2000-01,1250r,..,..,700,..,800,..,..,..,..,650,..,..,INDIA.STATEJAMMU&KASHMIRDISTRICT-W,,,,,,,,,,,,,,,,,,,,,,,,,,
JAMMU & KASHMIR,1998-99,1009r,650,588,647,..,661,566,1280,..,250,650,1601,2000,INDIA.STATEJAMMU&KASHMIRDISTRICT-W,,,,,,,,,,,,,,,,,,,,,,,,,,
(State weighted,1999-00,1182r,650,506,779,..,771,650,2483,..,250,659,1459,2500,INDIA.STATEJAMMU&KASHMIRDISTRICT-W,,,,,,,,,,,,,,,,,,,,,,,,,,
average),2000-01,1297r,..,503,752,..,747,686,2473,..,312,739,1431,2500,INDIA.STATEJAMMU&KASHMIRDISTRICT-W,,,,,,,,,,,,,,,,,,,,,,,,,,
ANANTNAG,1998-99,,,,,,,,,,,,,,INDIA.STATEJAMMU&KASHMIRDISTRICT-W,1850,..,..,..,..,..,..,..,..,..,6000,..,..,,,,,,,,,,,,,
,1999-00,,,,,,,,,,,,,,INDIA.STATEJAMMU&KASHMIRDISTRICT-W,1300,..,..,..,..,..,..,..,..,..,5000,..,..,,,,,,,,,,,,,
,2000-01,,,,,,,,,,,,,,INDIA.STATEJAMMU&KASHMIRDISTRICT-W,1300,..,1700,..,..,..,..,..,..,..,5500,..,..,,,,,,,,,,,,,
PULWARA,1998-99,,,,,,,,,,,,,,INDIA.STATEJAMMU&KASHMIRDISTRICT-W,1850,..,1850,..,..,..,..,..,..,..,..,..,..,,,,,,,,,,,,,
,1999-00,,,,,,,,,,,,,,INDIA.STATEJAMMU&KASHMIRDISTRICT-W,1200,..,1700,..,..,..,..,..,..,..,..,..,..,,,,,,,,,,,,,
,2000-01,,,,,,,,,,,,,,INDIA.STATEJAMMU&KASHMIRDISTRICT-W,1400,..,1700,..,..,..,..,..,..,..,4500,..,..,,,,,,,,,,,,,
SRINAGAR,1998-99,,,,,,,,,,,,,,INDIA.STATEJAMMU&KASHMIRDISTRICT-W,1950,..,1850,..,..,..,..,..,..,..,6000,..,..,,,,,,,,,,,,,
,1999-00,,,,,,,,,,,,,,INDIA.STATEJAMMU&KASHMIRDISTRICT-W,1250,..,1800,..,..,..,..,..,..,..,4500,..,..,,,,,,,,,,,,,
,2000-01,,,,,,,,,,,,,,INDIA.STATEJAMMU&KASHMIRDISTRICT-W,1450,..,1800,..,..,..,..,..,..,..,5000,..,..,,,,,,,,,,,,,
BADGAM,1998-99,,,,,,,,,,,,,,INDIA.STATEJAMMU&KASHMIRDISTRICT-W,1850,..,1850,..,..,..,..,..,..,..,..,..,..,,,,,,,,,,,,,
,1999-00,,,,,,,,,,,,,,INDIA.STATEJAMMU&KASHMIRDISTRICT-W,1200,..,1650,..,..,..,..,..,..,..,6000,..,..,,,,,,,,,,,,,
,2000-01,,,,,,,,,,,,,,INDIA.STATEJAMMU&KASHMIRDISTRICT-W,1400,..,1700,..,..,..,..,..,..,..,5500,..,..,,,,,,,,,,,,,
BARAMULLA,1998-99,,,,,,,,,,,,,,INDIA.STATEJAMMU&KASHMIRDISTRICT-W,1870,..,..,..,..,..,..,..,..,..,..,..,..,,,,,,,,,,,,,
,1999-00,,,,,,,,,,,,,,INDIA.STATEJAMMU&KASHMIRDISTRICT-W,1250,..,..,..,..,..,..,..,..,..,..,..,..,,,,,,,,,,,,,
,2000-01,,,,,,,,,,,,,,INDIA.STATEJAMMU&KASHMIRDISTRICT-W,1450,..,..,..,..,..,..,..,..,..,..,..,..,,,,,,,,,,,,,
KUPWARA,1998-99,,,,,,,,,,,,,,INDIA.STATEJAMMU&KASHMIRDISTRICT-W,..,..,..,..,..,..,..,..,..,..,..,..,..,,,,,,,,,,,,,
,1999-00,,,,,,,,,,,,,,INDIA.STATEJAMMU&KASHMIRDISTRICT-W,..,..,..,..,..,..,..,..,..,..,..,..,..,,,,,,,,,,,,,
,2000-01,,,,,,,,,,,,,,INDIA.STATEJAMMU&KASHMIRDISTRICT-W,..,..,..,..,..,..,..,..,..,..,..,..,..,,,,,,,,,,,,,
LEH,1998-99,,,,,,,,,,,,,,INDIA.STATEJAMMU&KASHMIRDISTRICT-W,2100,..,..,..,..,..,..,..,..,..,..,..,..,,,,,,,,,,,,,
,1999-00,,,,,,,,,,,,,,INDIA.STATEJAMMU&KASHMIRDISTRICT-W,1250,..,..,..,..,..,..,..,..,..,..,..,..,,,,,,,,,,,,,
,2000-01,,,,,,,,,,,,,,INDIA.STATEJAMMU&KASHMIRDISTRICT-W,2000,..,..,..,..,..,..,..,..,..,..,..,..,,,,,,,,,,,,,
KARGIL,1998-99,,,,,,,,,,,,,,INDIA.STATEJAMMU&KASHMIRDISTRICT-W,..,..,..,..,..,..,..,..,..,..,..,..,..,,,,,,,,,,,,,
,1999-00,,,,,,,,,,,,,,INDIA.STATEJAMMU&KASHMIRDISTRICT-W,..,..,..,..,..,..,..,..,..,..,..,..,..,,,,,,,,,,,,,
,2000-01,,,,,,,,,,,,,,INDIA.STATEJAMMU&KASHMIRDISTRICT-W,..,..,..,..,..,..,..,..,..,..,..,..,..,,,,,,,,,,,,,
JAMMU,1998-99,,,,,,,,,,,,,,INDIA.STATEJAMMU&KASHMIRDISTRICT-W,1850,2050,1650,..,..,..,..,..,..,..,..,..,..,,,,,,,,,,,,,
,1999-00,,,,,,,,,,,,,,INDIA.STATEJAMMU&KASHMIRDISTRICT-W,1250,2000,2000,..,..,..,..,..,..,..,..,..,..,,,,,,,,,,,,,
,2000-01,,,,,,,,,,,,,,INDIA.STATEJAMMU&KASHMIRDISTRICT-W,1350,2200,1800,..,..,..,..,..,..,..,4000,..,..,,,,,,,,,,,,,
DODA,1998-99,,,,,,,,,,,,,,INDIA.STATEJAMMU&KASHMIRDISTRICT-W,1850,2000,..,..,..,..,..,..,..,..,..,..,..,,,,,,,,,,,,,
,1999-00,,,,,,,,,,,,,,INDIA.STATEJAMMU&KASHMIRDISTRICT-W,1250,..,..,..,..,..,..,..,..,..,..,..,..,,,,,,,,,,,,,
,2000-01,,,,,,,,,,,,,,INDIA.STATEJAMMU&KASHMIRDISTRICT-W,1400,..,..,..,..,..,..,..,..,..,4500,..,..,,,,,,,,,,,,,
UDHAMPUR,1998-99,,,,,,,,,,,,,,INDIA.STATEJAMMU&KASHMIRDISTRICT-W,1850,1650,..,..,..,..,..,..,..,..,6000,..,..,,,,,,,,,,,,,
,1999-00,,,,,,,,,,,,,,INDIA.STATEJAMMU&KASHMIRDISTRICT-W,1250,2100,1950,..,..,..,..,..,..,..,4000,..,..,,,,,,,,,,,,,
,2000-01,,,,,,,,,,,,,,INDIA.STATEJAMMU&KASHMIRDISTRICT-W,1300,..,2000,..,..,..,..,..,..,..,5000,..,..,,,,,,,,,,,,,
KATHUA,1998-99,,,,,,,,,,,,,,INDIA.STATEJAMMU&KASHMIRDISTRICT-W,1700,1650,1700,..,..,..,..,..,..,..,6500,..,..,,,,,,,,,,,,,
,1999-00,,,,,,,,,,,,,,INDIA.STATEJAMMU&KASHMIRDISTRICT-W,1350,2200,1800,..,..,..,..,..,..,..,5000,..,..,,,,,,,,,,,,,
,2000-01,,,,,,,,,,,,,,INDIA.STATEJAMMU&KASHMIRDISTRICT-W,1400,2200,2000,..,..,..,..,..,..,..,5000,..,..,,,,,,,,,,,,,
RAJOURI,1998-99,,,,,,,,,,,,,,INDIA.STATEJAMMU&KASHMIRDISTRICT-W,1850,1650,1650,..,..,..,..,..,..,..,6000,..,..,,,,,,,,,,,,,
,1999-00,,,,,,,,,,,,,,INDIA.STATEJAMMU&KASHMIRDISTRICT-W,1300,2000,1750,..,..,..,..,..,..,..,4500,..,..,,,,,,,,,,,,,
,2000-01,,,,,,,,,,,,,,INDIA.STATEJAMMU&KASHMIRDISTRICT-W,1400,2100,2000,..,..,..,..,..,..,..,4700,..,..,,,,,,,,,,,,,
POONCH,1998-99,,,,,,,,,,,,,,INDIA.STATEJAMMU&KASHMIRDISTRICT-W,2000,..,..,..,..,..,..,..,..,..,4600,..,..,,,,,,,,,,,,,
,1999-00,,,,,,,,,,,,,,INDIA.STATEJAMMU&KASHMIRDISTRICT-W,1200,..,1750,..,..,..,..,..,..,..,4500,..,..,,,,,,,,,,,,,
,2000-01,,,,,,,,,,,,,,INDIA.STATEJAMMU&KASHMIRDISTRICT-W,1350,..,1900,..,..,..,..,..,..,..,4700,..,..,,,,,,,,,,,,,
JAMMU & KASHMIR,1998-99,,,,,,,,,,,,,,INDIA.STATEJAMMU&KASHMIRDISTRICT-W,1856,1794,1708,..,..,..,..,..,..,..,5704,..,..,,,,,,,,,,,,,
(State weighted,1999-00,,,,,,,,,,,,,,INDIA.STATEJAMMU&KASHMIRDISTRICT-W,1258,2117,1843,..,..,..,..,..,..,..,4836,..,..,,,,,,,,,,,,,
average),2000-01,,,,,,,,,,,,,,INDIA.STATEJAMMU&KASHMIRDISTRICT-W,1370,2209,1856,..,..,..,..,..,..,..,4784,..,..,,,,,,,,,,,,,
SRIKAKULAM,1998-99,,,,,,,,,,,,,,INDIA.STATEANDHRAPRADESHDISTRICT-W,..,1668,..,..,..,1901,..,..,..,..,3908,2496,710,,,,,,,,,,,,,
,1999-00,,,,,,,,,,,,,,INDIA.STATEANDHRAPRADESHDISTRICT-W,..,1578,..,..,..,1814,..,..,..,..,2941,1947,813,,,,,,,,,,,,,
,2000-01,,,,,,,,,,,,,,INDIA.STATEANDHRAPRADESHDISTRICT-W,..,1298,..,..,..,1888,..,..,..,..,2562,1285,701,,,,,,,,,,,,,
VIZIANAGRAM,1998-99,,,,,,,,,,,,,,INDIA.STATEANDHRAPRADESHDISTRICT-W,..,1885,..,..,..,1901,..,..,..,..,3744,2496,726,,,,,,,,,,,,,
,1999-00,,,,,,,,,,,,,,INDIA.STATEANDHRAPRADESHDISTRICT-W,..,1513,..,..,..,1815,..,..,..,..,2941,1947,824,,,,,,,,,,,,,
,2000-01,,,,,,,,,,,,,,INDIA.STATEANDHRAPRADESHDISTRICT-W,..,1318,..,..,..,1888,..,..,..,..,2562,1285,701,,,,,,,,,,,,,
VISAKHAPATNAM,1998-99,,,,,,,,,,,,,,INDIA.STATEANDHRAPRADESHDISTRICT-W,..,1597,..,1275,..,1901,..,..,..,..,4073,2496,718,,,,,,,,,,,,,
,1999-00,,,,,,,,,,,,,,INDIA.STATEANDHRAPRADESHDISTRICT-W,..,1632,..,..,..,1815,..,..,..,..,3115,1947,824,,,,,,,,,,,,,
,2000-01,,,,,,,,,,,,,,INDIA.STATEANDHRAPRADESHDISTRICT-W,..,1399,..,963,..,1888,..,..,..,..,2678,1285,701,,,,,,,,,,,,,
EAST-GODAVARI,1998-99,,,,,,,,,,,,,,INDIA.STATEANDHRAPRADESHDISTRICT-W,..,1720,..,1275,..,1901,..,..,..,..,3692,2496,718,,,,,,,,,,,,,
,1999-00,,,,,,,,,,,,,,INDIA.STATEANDHRAPRADESHDISTRICT-W,..,1632,..,1265,..,1815,..,..,..,..,3115,1947,824,,,,,,,,,,,,,
,2000-01,,,,,,,,,,,,,,INDIA.STATEANDHRAPRADESHDISTRICT-W,..,1345,..,963,..,1888,..,..,..,..,3173,1285,701,,,,,,,,,,,,,
WEST-GODAVARI,1998-99,,,,,,,,,,,,,,INDIA.STATEANDHRAPRADESHDISTRICT-W,..,1720,..,..,..,1901,..,..,..,..,3972,2496,..,,,,,,,,,,,,,
,1999-00,,,,,,,,,,,,,,INDIA.STATEANDHRAPRADESHDISTRICT-W,..,1632,..,..,..,1815,..,..,..,..,3110,1947,..,,,,,,,,,,,,,
,2000-01,,,,,,,,,,,,,,INDIA.STATEANDHRAPRADESHDISTRICT-W,..,1345,..,963,..,1888,..,..,..,..,3173,1285,..,,,,,,,,,,,,,
KRISHNA,1998-99,,,,,,,,,,,,,,INDIA.STATEANDHRAPRADESHDISTRICT-W,..,1720,..,1275,..,1901,..,..,..,..,3413,2368,..,,,,,,,,,,,,,
,1999-00,,,,,,,,,,,,,,INDIA.STATEANDHRAPRADESHDISTRICT-W,..,1632,..,1265,..,1815,..,..,..,..,2746,1947,..,,,,,,,,,,,,,
,2000-01,,,,,,,,,,,,,,INDIA.STATEANDHRAPRADESHDISTRICT-W,..,1345,..,963,..,1888,..,..,..,..,2223,1285,..,,,,,,,,,,,,,
GUNTUR,1998-99,,,,,,,,,,,,,,INDIA.STATEANDHRAPRADESHDISTRICT-W,..,1790,..,1182,..,1896,..,..,..,..,3502,2623,..,,,,,,,,,,,,,
,1999-00,,,,,,,,,,,,,,INDIA.STATEANDHRAPRADESHDISTRICT-W,..,1770,..,1265,..,1831,..,..,..,..,2746,1947,824,,,,,,,,,,,,,
,2000-01,,,,,,,,,,,,,,INDIA.STATEANDHRAPRADESHDISTRICT-W,..,1345,..,963,..,2039,..,..,..,..,2251,1285,..,,,,,,,,,,,,,
PRAKASAN,1998-99,,,,,,,,,,,,,,INDIA.STATEANDHRAPRADESHDISTRICT-W,..,1748,..,1367,..,1906,..,..,..,..,3075,2496,718,,,,,,,,,,,,,
,1999-00,,,,,,,,,,,,,,INDIA.STATEANDHRAPRADESHDISTRICT-W,..,1568,..,1190,..,1864,..,..,..,..,2457,1947,824,,,,,,,,,,,,,
,2000-01,,,,,,,,,,,,,,INDIA.STATEANDHRAPRADESHDISTRICT-W,..,1436,..,1012,..,1930,..,..,..,..,2157,1285,701,,,,,,,,,,,,,
NELLORE,1998-99,,,,,,,,,,,,,,INDIA.STATEANDHRAPRADESHDISTRICT-W,..,1629,..,1275,..,1901,..,..,..,..,3550,2496,..,,,,,,,,,,,,,
,1999-00,,,,,,,,,,,,,,INDIA.STATEANDHRAPRADESHDISTRICT-W,..,1606,..,..,..,1864,..,..,..,..,2705,1947,..,,,,,,,,,,,,,
,2000-01,,,,,,,,,,,,,,INDIA.STATEANDHRAPRADESHDISTRICT-W,..,1492,..,1012,..,1903,..,..,..,..,2447,1485,701,,,,,,,,,,,,,
BANGALORE(RURAL),1998-99,476,..,454,..,418,..,..,..,..,..,602,..,1294,INDIA.STATEKARNATAKADISTRICT-WISE,,,,,,,,,,,,,,,,,,,,,,,,,,
,1999-00,557,..,..,..,..,..,..,..,..,..,578,..,1094,INDIA.STATEKARNATAKADISTRICT-WISE,,,,,,,,,,,,,,,,,,,,,,,,,,
,2000-01,487,..,..,429,413,..,..,..,..,..,..,..,952,INDIA.STATEKARNATAKADISTRICT-WISE,,,,,,,,,,,,,,,,,,,,,,,,,,
BANGALORE(URBAN),1998-99,..,..,..,..,..,..,..,..,..,..,..,..,..,INDIA.STATEKARNATAKADISTRICT-WISE,,,,,,,,,,,,,,,,,,,,,,,,,,
,1999-00,..,..,..,..,..,..,..,..,..,..,..,..,..,INDIA.STATEKARNATAKADISTRICT-WISE,,,,,,,,,,,,,,,,,,,,,,,,,,
,2000-01,463,..,..,414,391,..,..,..,..,..,..,..,925,INDIA.STATEKARNATAKADISTRICT-WISE,,,,,,,,,,,,,,,,,,,,,,,,,,
BELGAUM,1998-99,..,442,..,..,..,..,..,877,..,..,..,..,..,INDIA.STATEKARNATAKADISTRICT-WISE,,,,,,,,,,,,,,,,,,,,,,,,,,
,1999-00,..,631,..,..,..,826,..,1395,..,..,..,..,1123,INDIA.STATEKARNATAKADISTRICT-WISE,,,,,,,,,,,,,,,,,,,,,,,,,,
,2000-01,576,325,400,356,..,706,..,805,..,..,..,..,1099,INDIA.STATEKARNATAKADISTRICT-WISE,,,,,,,,,,,,,,,,,,,,,,,,,,
BELLARY,1998-99,..,494,446,..,..,..,..,1287,1877,..,..,..,1227,INDIA.STATEKARNATAKADISTRICT-WISE,,,,,,,,,,,,,,,,,,,,,,,,,,
,1999-00,..,..,499,..,..,866,..,1536,1610,..,..,..,1217,INDIA.STATEKARNATAKADISTRICT-WISE,,,,,,,,,,,,,,,,,,,,,,,,,,
,2000-01,538,..,..,355,345,909,..,1425,1219,..,..,..,1182,INDIA.STATEKARNATAKADISTRICT-WISE,,,,,,,,,,,,,,,,,,,,,,,,,,
BIDAR,1998-99,610,..,378,425,..,641,..,1008,1831,..,..,..,1300,INDIA.STATEKARNATAKADISTRICT-WISE,,,,,,,,,,,,,,,,,,,,,,,,,,
,1999-00,650,..,392,..,..,662,..,1325,1619,..,..,..,1038,INDIA.STATEKARNATAKADISTRICT-WISE,,,,,,,,,,,,,,,,,,,,,,,,,,
,2000-01,496,..,342,..,..,651,..,1434,1352,..,..,..,1295,INDIA.STATEKARNATAKADISTRICT-WISE,,,,,,,,,,,,,,,,,,,,,,,,,,
BIJAPUR,1998-99,..,744,..,..,..,..,..,1126,1841,..,..,..,1411,INDIA.STATEKARNATAKADISTRICT-WISE,,,,,,,,,,,,,,,,,,,,,,,,,,
,1999-00,..,..,..,..,..,592,..,1282,1213,..,..,..,1115,INDIA.STATEKARNATAKADISTRICT-WISE,,,,,,,,,,,,,,,,,,,,,,,,,,
,2000-01,..,501,..,..,..,819,..,1566,1273,..,..,..,1192,INDIA.STATEKARNATAKADISTRICT-WISE,,,,,,,,,,,,,,,,,,,,,,,,,,
CHICKMAGULUR,1998-99,522,436,..,..,..,..,..,1696,..,..,..,..,1259,INDIA.STATEKARNATAKADISTRICT-WISE,,,,,,,,,,,,,,,,,,,,,,,,,,
,1999-00,526,430,..,..,450,..,..,1308,..,..,..,..,1041,INDIA.STATEKARNATAKADISTRICT-WISE,,,,,,,,,,,,,,,,,,,,,,,,,,
,2000-01,462,458,489,..,435,..,..,..,1259,..,..,..,868,INDIA.STATEKARNATAKADISTRICT-WISE,,,,,,,,,,,,,,,,,,,,,,,,,,
CHITRA-DURGA,1998-99,637,383,293,..,415,..,..,..,979,..,..,..,1305,INDIA.STATEKARNATAKADISTRICT-WISE,,,,,,,,,,,,,,,,,,,,,,,,,,
,1999-00,609,..,435,..,438,..,..,..,..,..,..,..,1275,INDIA.STATEKARNATAKADISTRICT-WISE,,,,,,,,,,,,,,,,,,,,,,,,,,
,2000-01,..,..,..,..,360,..,..,1371,..,..,..,..,940,INDIA.STATEKARNATAKADISTRICT-WISE,,,,,,,,,,,,,,,,,,,,,,,,,,
D.KANNADA,1998-99,514,..,..,..,..,..,..,..,..,59,..,..,..,INDIA.STATEKARNATAKADISTRICT-WISE,,,,,,,,,,,,,,,,,,,,,,,,,,
,1999-00,609,..,..,..,..,..,..,..,..,60,..,..,..,INDIA.STATEKARNATAKADISTRICT-WISE,,,,,,,,,,,,,,,,,,,,,,,,,,
,2000-01,583,..,..,..,..,..,..,..,..,59,..,..,..,INDIA.STATEKARNATAKADISTRICT-WISE,,,,,,,,,,,,,,,,,,,,,,,,,,
DHARWAD,1998-99,483,803,..,391,283,866,..,1106,1333,..,..,..,1194,INDIA.STATEKARNATAKADISTRICT-WISE(,,,,,,,,,,,,,,,,,,,,,,,,,,
,1999-00,551,800,..,..,..,752,..,1398,..,..,..,..,1175,INDIA.STATEKARNATAKADISTRICT-WISE(,,,,,,,,,,,,,,,,,,,,,,,,,,
,2000-01,543,499,..,..,..,771,..,1641,..,..,284,..,1023,INDIA.STATEKARNATAKADISTRICT-WISE(,,,,,,,,,,,,,,,,,,,,,,,,,,
GULBARGA,1998-99,589,577,488,..,..,826,..,1172,1971,..,..,..,1275,INDIA.STATEKARNATAKADISTRICT-WISE(,,,,,,,,,,,,,,,,,,,,,,,,,,
,1999-00,556,604,499,..,..,894,..,1365,1665,..,..,..,1246,INDIA.STATEKARNATAKADISTRICT-WISE(,,,,,,,,,,,,,,,,,,,,,,,,,,
,2000-01,294,347,275,..,..,809,..,1494,1472,..,..,..,1096,INDIA.STATEKARNATAKADISTRICT-WISE(,,,,,,,,,,,,,,,,,,,,,,,,,,
HASSAN,1998-99,513,..,..,..,..,..,..,1544,..,85,543,3272,..,INDIA.STATEKARNATAKADISTRICT-WISE(,,,,,,,,,,,,,,,,,,,,,,,,,,
,1999-00,565,..,..,..,..,..,..,1672,..,85,334,3815,1237,INDIA.STATEKARNATAKADISTRICT-WISE(,,,,,,,,,,,,,,,,,,,,,,,,,,
,2000-01,487,..,..,..,342,..,..,..,..,83,257,5312,..,INDIA.STATEKARNATAKADISTRICT-WISE(,,,,,,,,,,,,,,,,,,,,,,,,,,
KODAGU,1998-99,549,..,..,..,..,..,..,..,..,..,..,..,..,INDIA.STATEKARNATAKADISTRICT-WISE(,,,,,,,,,,,,,,,,,,,,,,,,,,
,1999-00,539,..,..,..,..,..,..,..,..,..,..,..,..,INDIA.STATEKARNATAKADISTRICT-WISE(,,,,,,,,,,,,,,,,,,,,,,,,,,
,2000-01,485,..,..,..,..,..,..,..,..,..,..,..,..,INDIA.STATEKARNATAKADISTRICT-WISE(,,,,,,,,,,,,,,,,,,,,,,,,,,
MANDYA,1998-99,555,..,..,..,406,..,..,..,..,..,..,..,980,INDIA.STATEKARNATAKADISTRICT-WISE(,,,,,,,,,,,,,,,,,,,,,,,,,,
,1999-00,560,..,..,..,421,..,..,..,..,81,..,..,1050,INDIA.STATEKARNATAKADISTRICT-WISE(,,,,,,,,,,,,,,,,,,,,,,,,,,
,2000-01,..,..,..,..,..,..,..,..,..,84,..,..,1293,INDIA.STATEKARNATAKADISTRICT-WISE(,,,,,,,,,,,,,,,,,,,,,,,,,,
MYSORE,1998-99,582,437,..,449,413,..,..,1503,..,..,..,3507,966,INDIA.STATEKARNATAKADISTRICT-WISE(,,,,,,,,,,,,,,,,,,,,,,,,,,
,1999-00,540,434,..,..,443,..,..,1601,1573,82,..,4238,876,INDIA.STATEKARNATAKADISTRICT-WISE(,,,,,,,,,,,,,,,,,,,,,,,,,,
,2000-01,..,..,..,392,406,..,..,1397,1825,77,..,5538,839,INDIA.STATEKARNATAKADISTRICT-WISE(,,,,,,,,,,,,,,,,,,,,,,,,,,
RAICHUR,1998-99,464,960,..,..,..,912,..,1092,1522,81,..,..,1156,INDIA.STATEKARNATAKADISTRICT-WISE(,,,,,,,,,,,,,,,,,,,,,,,,,,
,1999-00,523,840,..,449,413,978,..,1309,1230,82,..,4238,1041,INDIA.STATEKARNATAKADISTRICT-WISE(,,,,,,,,,,,,,,,,,,,,,,,,,,
,2000-01,..,440,..,449,413,..,..,1585,1447,..,..,..,1247,INDIA.STATEKARNATAKADISTRICT-WISE(,,,,,,,,,,,,,,,,,,,,,,,,,,
SHIMOGA,1998-99,539,..,..,..,..,..,..,..,1601,90,..,2680,1099,INDIA.STATEKARNATAKADISTRICT-WISE(,,,,,,,,,,,,,,,,,,,,,,,,,,
,1999-00,597,..,..,..,..,..,..,..,..,88,..,4226,1381,INDIA.STATEKARNATAKADISTRICT-WISE(,,,,,,,,,,,,,,,,,,,,,,,,,,
,2000-01,474,..,..,422,..,..,..,..,..,87,..,5625,1106,INDIA.STATEKARNATAKADISTRICT-WISE(,,,,,,,,,,,,,,,,,,,,,,,,,,
TUMKUR,1998-99,495,438,..,..,376,..,..,..,..,..,..,..,1310,INDIA.STATEKARNATAKADISTRICT-WISE(,,,,,,,,,,,,,,,,,,,,,,,,,,
,1999-00,554,500,..,..,501,..,..,..,..,..,..,..,1133,INDIA.STATEKARNATAKADISTRICT-WISE(,,,,,,,,,,,,,,,,,,,,,,,,,,
,2000-01,..,..,..,..,..,..,..,..,..,..,..,..,..,INDIA.STATEKARNATAKADISTRICT-WISE(,,,,,,,,,,,,,,,,,,,,,,,,,,
U.KANNADA,1998-99,520,..,..,..,..,..,..,..,..,..,..,..,..,INDIA.STATEKARNATAKADISTRICT-WISE(,,,,,,,,,,,,,,,,,,,,,,,,,,
,1999-00,562,..,..,..,..,..,..,..,..,..,..,..,..,INDIA.STATEKARNATAKADISTRICT-WISE(,,,,,,,,,,,,,,,,,,,,,,,,,,
,2000-01,528,..,..,..,..,..,..,..,..,..,..,..,..,INDIA.STATEKARNATAKADISTRICT-WISE(,,,,,,,,,,,,,,,,,,,,,,,,,,
KOLAR,1998-99,354,..,..,..,..,..,..,..,..,..,..,..,..,INDIA.STATEKARNATAKADISTRICT-WISE(,,,,,,,,,,,,,,,,,,,,,,,,,,
,1999-00,..,..,..,..,..,..,..,..,..,..,..,..,968,INDIA.STATEKARNATAKADISTRICT-WISE(,,,,,,,,,,,,,,,,,,,,,,,,,,
,2000-01,473,..,..,386,464,..,..,..,..,..,308,..,1186,INDIA.STATEKARNATAKADISTRICT-WISE(,,,,,,,,,,,,,,,,,,,,,,,,,,
UDUPI,1998-99,..,..,..,..,..,..,..,..,..,..,..,..,..,INDIA.STATEKARNATAKADISTRICT-WISE(,,,,,,,,,,,,,,,,,,,,,,,,,,
,1999-00,642,..,..,..,..,..,..,..,..,..,..,..,..,INDIA.STATEKARNATAKADISTRICT-WISE(,,,,,,,,,,,,,,,,,,,,,,,,,,
,2000-01,529,..,..,..,..,..,..,..,..,76,..,..,..,INDIA.STATEKARNATAKADISTRICT-WISE(,,,,,,,,,,,,,,,,,,,,,,,,,,
KOPPAL,1998-99,..,..,..,..,..,..,..,..,..,..,..,..,..,INDIA.STATEKARNATAKADISTRICT-WISE(,,,,,,,,,,,,,,,,,,,,,,,,,,
,1999-00,670,..,422,..,..,..,..,1254,1138,..,..,..,1047,INDIA.STATEKARNATAKADISTRICT-WISE(,,,,,,,,,,,,,,,,,,,,,,,,,,
,2000-01,658,..,393,385,..,761,..,1303,1113,..,..,..,1087,INDIA.STATEKARNATAKADISTRICT-WISE(,,,,,,,,,,,,,,,,,,,,,,,,,,
HAVERI,1998-99,..,..,..,..,..,..,..,..,..,..,..,..,..,INDIA.STATEKARNATAKADISTRICT-WISE(,,,,,,,,,,,,,,,,,,,,,,,,,,
,1999-00,604,..,..,..,345,640,..,..,..,..,..,..,..,INDIA.STATEKARNATAKADISTRICT-WISE(,,,,,,,,,,,,,,,,,,,,,,,,,,
,2000-01,501,605,..,342,331,641,..,..,..,..,..,..,1041,INDIA.STATEKARNATAKADISTRICT-WISE(,,,,,,,,,,,,,,,,,,,,,,,,,,
GADAG,1998-99,..,..,..,..,..,..,..,..,..,..,..,..,..,INDIA.STATEKARNATAKADISTRICT-WISE(,,,,,,,,,,,,,,,,,,,,,,,,,,
,1999-00,..,850,..,..,..,694,..,1292,..,..,..,..,1156,INDIA.STATEKARNATAKADISTRICT-WISE(,,,,,,,,,,,,,,,,,,,,,,,,,,
,2000-01,..,..,..,..,..,..,..,..,..,..,..,..,..,INDIA.STATEKARNATAKADISTRICT-WISE(,,,,,,,,,,,,,,,,,,,,,,,,,,
DAVANAGERE,1998-99,..,..,..,..,..,..,..,..,..,..,..,..,..,INDIA.STATEKARNATAKADISTRICT-WISE(,,,,,,,,,,,,,,,,,,,,,,,,,,
,1999-00,..,466,..,..,395,..,..,..,1545,81,..,..,923,INDIA.STATEKARNATAKADISTRICT-WISE(,,,,,,,,,,,,,,,,,,,,,,,,,,
,2000-01,593,417,..,384,331,..,..,..,..,..,..,..,880,INDIA.STATEKARNATAKADISTRICT-WISE(,,,,,,,,,,,,,,,,,,,,,,,,,,
CHAMARAJNAGAR,1998-99,..,..,..,..,..,..,..,..,..,..,..,..,..,INDIA.STATEKARNATAKADISTRICT-WISE(,,,,,,,,,,,,,,,,,,,,,,,,,,
,1999-00,..,481,..,409,..,..,..,1583,1498,83,..,..,848,INDIA.STATEKARNATAKADISTRICT-WISE(,,,,,,,,,,,,,,,,,,,,,,,,,,
,2000-01,487,422,489,..,435,..,..,..,1259,..,..,..,868,INDIA.STATEKARNATAKADISTRICT-WISE(,,,,,,,,,,,,,,,,,,,,,,,,,,
BAGALKOT,1998-99,..,..,..,..,..,..,..,..,..,..,..,..,..,INDIA.STATEKARNATAKADISTRICT-WISE(,,,,,,,,,,,,,,,,,,,,,,,,,,
,1999-00,..,..,523,419,..,..,..,1255,1152,..,..,..,1640,INDIA.STATEKARNATAKADISTRICT-WISE(,,,,,,,,,,,,,,,,,,,,,,,,,,
,2000-01,..,390,..,..,..,601,..,1270,1113,..,..,..,943,INDIA.STATEKARNATAKADISTRICT-WISE(,,,,,,,,,,,,,,,,,,,,,,,,,,
KARNATAKA,1998-99,521,528,405,410,381,851,..,1119,1878,83,594,3474,1253,INDIA.STATEKARNATAKADISTRICT-WISE(,,,,,,,,,,,,,,,,,,,,,,,,,,
(STATE weighted,1999-00,577,558,434,449,444,747,..,1340,1617,82,580,4197,1153,INDIA.STATEKARNATAKADISTRICT-WISE(,,,,,,,,,,,,,,,,,,,,,,,,,,
average),2000-01,511,407,398,378,374,731,..,1437,1440,83,289,5509,1106,INDIA.STATEKARNATAKADISTRICT-WISE(,,,,,,,,,,,,,,,,,,,,,,,,,,
BANGALORE(RURAL),1998-99,,,,,,,,,,,,,,INDIA.STATEKARNATAKADISTRICT-WISE(,..,..,..,..,,..,,,..,..,..,..,,,,..,,,,,..,..,..,,,
,1999-00,,,,,,,,,,,,,,INDIA.STATEKARNATAKADISTRICT-WISE(,..,..,..,..,,2005,,,..,..,..,..,,,,..,,,,,..,..,..,,,
,2000-01,,,,,,,,,,,,,,INDIA.STATEKARNATAKADISTRICT-WISE(,..,..,..,..,,..,,,..,..,..,..,,,,..,,,,,..,..,..,,,
BANGALORE(URBAN),1998-99,,,,,,,,,,,,,,INDIA.STATEKARNATAKADISTRICT-WISE(,..,..,..,..,,..,,,..,..,..,..,,,,..,,,,,..,..,..,,,
,1999-00,,,,,,,,,,,,,,INDIA.STATEKARNATAKADISTRICT-WISE(,..,..,..,..,,..,,,..,..,..,..,,,,..,,,,,..,..,..,,,
,2000-01,,,,,,,,,,,,,,INDIA.STATEKARNATAKADISTRICT-WISE(,..,..,..,..,,..,,,..,..,..,..,,,,..,,,,,..,..,..,,,
BELGAUM,1998-99,,,,,,,,,,,,,,INDIA.STATEKARNATAKADISTRICT-WISE(,..,..,..,..,,1686,,,..,..,5356,..,,,,..,,,,,..,..,..,,,
,1999-00,,,,,,,,,,,,,,INDIA.STATEKARNATAKADISTRICT-WISE(,..,..,..,..,,1563,,,..,..,4371,..,,,,..,,,,,..,..,..,,,
,2000-01,,,,,,,,,,,,,,INDIA.STATEKARNATAKADISTRICT-WISE(,..,..,..,..,,2611,,,..,..,3547,..,,,,..,,,,,1081,..,..,,,
BELLARY,1998-99,,,,,,,,,,,,,,INDIA.STATEKARNATAKADISTRICT-WISE(,..,2099,..,..,,1760,,,..,..,3708,..,,,,..,,,,,1231,..,..,,,
,1999-00,,,,,,,,,,,,,,INDIA.STATEKARNATAKADISTRICT-WISE(,..,1975,..,..,,..,,,..,..,2972,..,,,,..,,,,,..,..,..,,,
,2000-01,,,,,,,,,,,,,,INDIA.STATEKARNATAKADISTRICT-WISE(,..,1453,..,..,,1699,,,..,..,3029,..,,,,..,,,,,977,..,..,,,
BIDAR,1998-99,,,,,,,,,,,,,,INDIA.STATEKARNATAKADISTRICT-WISE(,..,2231,..,..,,..,,,..,..,..,..,,,,..,,,,,1060,..,..,,,
,1999-00,,,,,,,,,,,,,,INDIA.STATEKARNATAKADISTRICT-WISE(,..,1958,..,..,,..,,,..,..,..,..,,,,..,,,,,..,..,..,,,
,2000-01,,,,,,,,,,,,,,INDIA.STATEKARNATAKADISTRICT-WISE(,..,1783,971,..,,..,,,..,..,..,..,,,,..,,,,,957,..,..,,,
BIJAPUR,1998-99,,,,,,,,,,,,,,INDIA.STATEKARNATAKADISTRICT-WISE(,..,1785,..,..,,1889,,,..,..,4558,..,,,,..,,,,,1333,..,..,,,
,1999-00,,,,,,,,,,,,,,INDIA.STATEKARNATAKADISTRICT-WISE(,..,1784,..,..,,1790,,,..,..,3062,..,,,,..,,,,,..,..,..,,,
,2000-01,,,,,,,,,,,,,,INDIA.STATEKARNATAKADISTRICT-WISE(,..,1459,1407,..,,1858,,,..,..,3045,..,,,,..,,,,,1133,..,..,,,
CHICKMAGULUR,1998-99,,,,,,,,,,,,,,INDIA.STATEKARNATAKADISTRICT-WISE(,..,1904,..,..,,..,,,18398,..,3471,..,,,,3927,,,,,1136,..,..,,,
,1999-00,,,,,,,,,,,,,,INDIA.STATEKARNATAKADISTRICT-WISE(,..,2349,..,..,,..,,,..,..,4423,..,,,,..,,,,,..,..,..,,,
,2000-01,,,,,,,,,,,,,,INDIA.STATEKARNATAKADISTRICT-WISE(,..,2356,..,..,,..,,,..,..,2802,..,,,,2578,,,,,834,..,..,,,
CHITRA-DURGA,1998-99,,,,,,,,,,,,,,INDIA.STATEKARNATAKADISTRICT-WISE(,..,1789,..,..,,2277,,,..,..,4293,..,,,,3759,,,,,1032,14169,..,,,
,1999-00,,,,,,,,,,,,,,INDIA.STATEKARNATAKADISTRICT-WISE(,..,..,..,..,,..,,,..,..,..,..,,,,..,,,,,..,12684,..,,,
,2000-01,,,,,,,,,,,,,,INDIA.STATEKARNATAKADISTRICT-WISE(,..,1475,..,..,,2804,,,..,..,..,..,,,,..,,,,,1023,..,..,,,
D.KANNADA,1998-99,,,,,,,,,,,,,,INDIA.STATEKARNATAKADISTRICT-WISE(,..,..,..,..,,..,,,..,853,4590,3632,,,,5681,,,,,..,13889,3630,,,
,1999-00,,,,,,,,,,,,,,INDIA.STATEKARNATAKADISTRICT-WISE(,..,..,..,..,,..,,,..,950,..,3634,,,,..,,,,,..,9348,3498,,,
,2000-01,,,,,,,,,,,,,,INDIA.STATEKARNATAKADISTRICT-WISE(,..,..,..,..,,..,,,..,650,..,4600,,,,3404,,,,,..,4813,2290,,,
DHARWAD,1998-99,,,,,,,,,,,,,,INDIA.STATEKARNATAKADISTRICT-WISE(,..,1885,..,1405,,1914,,,..,..,2901,..,,,,..,,,,,..,..,..,,,
,1999-00,,,,,,,,,,,,,,INDIA.STATEKARNATAKADISTRICT-WISE(,..,..,..,..,,1479,,,..,..,2632,..,,,,..,,,,,848,..,..,,,
,2000-01,,,,,,,,,,,,,,INDIA.STATEKARNATAKADISTRICT-WISE(,..,..,976,..,,..,,,..,..,3465,..,,,,..,,,,,..,..,3151,,,
GULBARGA,1998-99,,,,,,,,,,,,,,INDIA.STATEKARNATAKADISTRICT-WISE(,..,2093,..,..,,1914,,,..,2006,4910,..,,,,..,,,,,1240,..,..,,,
,1999-00,,,,,,,,,,,,,,INDIA.STATEKARNATAKADISTRICT-WISE(,..,2258,..,..,,1572,,,..,1735,3753,1588,,,,..,,,,,1110,..,..,,,
,2000-01,,,,,,,,,,,,,,INDIA.STATEKARNATAKADISTRICT-WISE(,..,1782,1255,..,,2598,,,..,..,3329,..,,,,..,,,,,1146,..,..,,,
HASSAN,1998-99,,,,,,,,,,,,,,INDIA.STATEKARNATAKADISTRICT-WISE(,..,1206,..,996,,..,,,..,..,..,..,,,,4084,,,,,..,9907,4138,,,
,1999-00,,,,,,,,,,,,,,INDIA.STATEKARNATAKADISTRICT-WISE(,..,1968,..,1172,,..,,,..,..,..,..,,,,..,,,,,..,14233,..,,,
,2000-01,,,,,,,,,,,,,,INDIA.STATEKARNATAKADISTRICT-WISE(,..,1669,..,923,,..,,,..,..,..,..,,,,3010,,,,,912,..,..,,,
KODAGU,1998-99,,,,,,,,,,,,,,INDIA.STATEKARNATAKADISTRICT-WISE(,..,..,..,..,,..,,,16121,..,..,..,,,,..,,,,,..,..,..,,,
,1999-00,,,,,,,,,,,,,,INDIA.STATEKARNATAKADISTRICT-WISE(,..,..,..,..,,..,,,20875,..,..,..,,,,..,,,,,..,..,4522,,,
,2000-01,,,,,,,,,,,,,,INDIA.STATEKARNATAKADISTRICT-WISE(,..,..,..,..,,..,,,10875,..,..,..,,,,..,,,,,..,..,2538,,,
MANDYA,1998-99,,,,,,,,,,,,,,INDIA.STATEKARNATAKADISTRICT-WISE(,..,2103,..,..,,..,,,..,..,4506,..,,,,4231,,,,,..,..,..,,,
,1999-00,,,,,,,,,,,,,,INDIA.STATEKARNATAKADISTRICT-WISE(,..,2133,..,..,,..,,,..,..,3740,..,,,,..,,,,,..,..,..,,,
,2000-01,,,,,,,,,,,,,,INDIA.STATEKARNATAKADISTRICT-WISE(,..,1494,1214,1281,,..,,,..,..,3169,..,,,,2717,,,,,..,..,..,,,
MYSORE,1998-99,,,,,,,,,,,,,,INDIA.STATEKARNATAKADISTRICT-WISE(,..,1897,..,..,,1625,,,..,..,4502,2325,,,,4916,,,,,..,..,..,,,
,1999-00,,,,,,,,,,,,,,INDIA.STATEKARNATAKADISTRICT-WISE(,..,..,..,..,,2071,,,..,..,3045,..,,,,..,,,,,1045,..,..,,,
,2000-01,,,,,,,,,,,,,,INDIA.STATEKARNATAKADISTRICT-WISE(,..,1737,..,1308,,2198,,,..,..,2797,..,,,,3417,,,,,921,..,..,,,
RAICHUR,1998-99,,,,,,,,,,,,,,INDIA.STATEKARNATAKADISTRICT-WISE(,..,1850,..,1396,,1463,,,..,..,..,..,,,,..,,,,,1298,..,..,,,
,1999-00,,,,,,,,,,,,,,INDIA.STATEKARNATAKADISTRICT-WISE(,..,1801,..,1185,,1642,,,..,..,..,..,,,,..,,,,,847,..,..,,,
,2000-01,,,,,,,,,,,,,,INDIA.STATEKARNATAKADISTRICT-WISE(,..,1603,..,..,,2016,,,..,..,..,..,,,,..,,,,,1050,..,..,,,
SHIMOGA,1998-99,,,,,,,,,,,,,,INDIA.STATEKARNATAKADISTRICT-WISE(,..,..,..,..,,2679,,,17192,1285,4086,..,,,,3982,,,,,..,15546,..,,,
,1999-00,,,,,,,,,,,,,,INDIA.STATEKARNATAKADISTRICT-WISE(,..,..,..,..,,2602,,,18547,1083,3309,..,,,,..,,,,,..,13038,..,,,
,2000-01,,,,,,,,,,,,,,INDIA.STATEKARNATAKADISTRICT-WISE(,..,..,929,..,,2922,,,13127,756,4269,..,,,,2988,,,,,..,12216,..,,,
TUMKUR,1998-99,,,,,,,,,,,,,,INDIA.STATEKARNATAKADISTRICT-WISE(,..,..,..,..,,..,,,..,..,2708,..,,,,4026,,,,,..,10226,..,,,
,1999-00,,,,,,,,,,,,,,INDIA.STATEKARNATAKADISTRICT-WISE(,..,..,..,..,,..,,,..,..,2767,..,,,,..,,,,,..,11286,..,,,
,2000-01,,,,,,,,,,,,,,INDIA.STATEKARNATAKADISTRICT-WISE(,..,..,..,..,,..,,,..,..,..,..,,,,..,,,,,..,..,..,,,
U.KANNADA,1998-99,,,,,,,,,,,,,,INDIA.STATEKARNATAKADISTRICT-WISE(,..,..,..,..,,..,,,19204,..,..,..,,,,4889,,,,,..,10060,3563,,,
,1999-00,,,,,,,,,,,,,,INDIA.STATEKARNATAKADISTRICT-WISE(,..,..,..,..,,..,,,20747,..,..,..,,,,..,,,,,..,11155,4531,,,
,2000-01,,,,,,,,,,,,,,INDIA.STATEKARNATAKADISTRICT-WISE(,..,..,..,..,,..,,,13456,..,..,..,,,,3969,,,,,..,7537,3766,,,
KOLAR,1998-99,,,,,,,,,,,,,,INDIA.STATEKARNATAKADISTRICT-WISE(,..,..,..,..,,..,,,..,..,..,..,,,,..,,,,,..,..,..,,,
,1999-00,,,,,,,,,,,,,,INDIA.STATEKARNATAKADISTRICT-WISE(,..,..,..,..,,..,,,..,..,..,..,,,,..,,,,,..,..,..,,,
,2000-09,,,,,,,,,,,,,,INDIA.STATEKARNATAKADISTRICT-WISE(,..,..,..,..,,..,,,..,..,..,..,,,,..,,,,,..,..,..,,,
UDUPI,1998-99,,,,,,,,,,,,,,INDIA.STATEKARNATAKADISTRICT-WISE(,..,..,..,..,,..,,,..,..,..,..,,,,..,,,,,..,..,..,,,
,1999-00,,,,,,,,,,,,,,INDIA.STATEKARNATAKADISTRICT-WISE(,..,..,..,..,,..,,,19146,816,..,3687,,,,..,,,,,..,9690,3723,,,
,2000-01,,,,,,,,,,,,,,INDIA.STATEKARNATAKADISTRICT-WISE(,..,..,..,..,,..,,,..,..,..,..,,,,3180,,,,,..,3229,2835,,,
KOPPAL,1998-99,,,,,,,,,,,,,,INDIA.STATEKARNATAKADISTRICT-WISE(,..,..,..,..,,..,,,..,..,..,..,,,,..,,,,,..,..,..,,,
,1999-00,,,,,,,,,,,,,,INDIA.STATEKARNATAKADISTRICT-WISE(,..,2020,..,1352,,1451,,,..,..,..,..,,,,..,,,,,992,..,..,,,
,2000-01,,,,,,,,,,,,,,INDIA.STATEKARNATAKADISTRICT-WISE(,..,1732,..,1191,,..,,,..,..,..,..,,,,..,,,,,1011,..,..,,,
HAVERI,1998-99,,,,,,,,,,,,,,INDIA.STATEKARNATAKADISTRICT-WISE(,..,..,..,..,,..,,,..,..,..,..,,,,..,,,,,..,..,..,,,
,1999-00,,,,,,,,,,,,,,INDIA.STATEKARNATAKADISTRICT-WISE(,..,..,..,2000,,1557,,,..,..,3199,..,,,,..,,,,,882,..,..,,,
,2000-01,,,,,,,,,,,,,,INDIA.STATEKARNATAKADISTRICT-WISE(,..,..,..,..,,2647,,,..,..,..,3361,,,,..,,,,,902,..,..,,,
GADAG,1998-99,,,,,,,,,,,,,,INDIA.STATEKARNATAKADISTRICT-WISE(,..,..,..,..,,..,,,..,..,..,..,,,,..,,,,,..,..,..,,,
,1999-00,,,,,,,,,,,,,,INDIA.STATEKARNATAKADISTRICT-WISE(,..,..,..,..,,1502,,,..,..,2675,..,,,,..,,,,,1031,..,..,,,
,2000-01,,,,,,,,,,,,,,INDIA.STATEKARNATAKADISTRICT-WISE(,..,..,..,..,,..,,,..,..,..,..,,,,..,,,,,..,..,..,,,
DAVANAGERE,1998-99,,,,,,,,,,,,,,INDIA.STATEKARNATAKADISTRICT-WISE(,..,..,..,..,,..,,,..,..,..,..,,,,..,,,,,..,..,..,,,
,1999-00,,,,,,,,,,,,,,INDIA.STATEKARNATAKADISTRICT-WISE(,..,2325,..,..,,1965,,,..,..,2559,..,,,,..,,,,,1021,..,..,,,
,2000-01,,,,,,,,,,,,,,INDIA.STATEKARNATAKADISTRICT-WISE(,..,..,..,..,,2788,,,..,..,4272,..,,,,..,,,,,..,..,..,,,
CHAMARAJNAGAR,1998-99,,,,,,,,,,,,,,INDIA.STATEKARNATAKADISTRICT-WISE(,..,..,..,..,,..,,,..,..,..,..,,,,..,,,,,..,..,..,,,
,1999-00,,,,,,,,,,,,,,INDIA.STATEKARNATAKADISTRICT-WISE(,..,2104,..,1065,,2284,,,..,..,3713,..,,,,..,,,,,967,..,..,,,
,2000-01,,,,,,,,,,,,,,INDIA.STATEKARNATAKADISTRICT-WISE(,..,2356,..,1803,,2146,,,..,..,3488,1499,,,,2866,,,,,1262,..,..,,,
BAGALKOT,1998-99,,,,,,,,,,,,,,INDIA.STATEKARNATAKADISTRICT-WISE(,..,..,..,..,,..,,,..,..,..,..,,,,..,,,,,..,..,..,,,
,1999-00,,,,,,,,,,,,,,INDIA.STATEKARNATAKADISTRICT-WISE(,..,..,..,..,,..,,,..,..,3375,..,,,,..,,,,,..,..,..,,,
,2000-01,,,,,,,,,,,,,,INDIA.STATEKARNATAKADISTRICT-WISE(,..,..,1368,..,,1399,,,..,..,3183,..,,,,..,,,,,1000,..,..,,,
KARNATAKA,1998-99,,,,,,,,,,,,,,INDIA.STATEKARNATAKADISTRICT-WISE(,..,1985,..,1239,,1808,,,16645,1196,3309,2331,,,,4168,,,,,1224,13401,3647,,,
(State weighted,1999-00,,,,,,,,,,,,,,INDIA.STATEKARNATAKADISTRICT-WISE(,..,2066,..,1236,,1789,,,20616,1060,3022,2224,,,,..,,,,,1064,11106,3649,,,
average),2000-01,,,,,,,,,,,,,,INDIA.STATEKARNATAKADISTRICT-WISE(,..,1666,1160,1236,,2448,,,11031,746,3314,1558,,,,3125,,,,,1027,7997,2520,,,
THIRUVANTHAPURAM,1998-99,623,,,,,,,,..,..,..,..,..,INDIA.STATEKERALADISTRICT-WISE,,,,,,,,,,5980,,,,,192@,426,,,,,,85,3428,367,18252,
,1999-00,662,,,,,,,,..,..,..,..,..,INDIA.STATEKERALADISTRICT-WISE,,,,,,,,,,..,,,,,994,442,,,,,,93,3796,393,20061,
,2000-01,629,,,,,,,,..,..,..,..,..,INDIA.STATEKERALADISTRICT-WISE,,,,,,,,,,3900,,,,,1164,246,,,,,,59,2488,360,12588,
KOLLAM(QUILON),1998-99,581,,,,,,,,..,..,..,..,..,INDIA.STATEKERALADISTRICT-WISE,,,,,,,,,,4938,,,,,189@,493,,,,,,64,3493,296,18039,
,1999-00,638,,,,,,,,..,..,..,..,..,INDIA.STATEKERALADISTRICT-WISE,,,,,,,,,,6358,,,,,976,526,,,,,,76,3747,364,19672,
,2000-01,600,,,,,,,,..,..,..,..,..,INDIA.STATEKERALADISTRICT-WISE,,,,,,,,,,5718,,,,,1139,319,,,,,,45,2243,369,13090,
PATHANAMTHITTA,1998-99,576,,,,,,,,..,47,..,..,..,INDIA.STATEKERALADISTRICT-WISE,,,,,,,,,,5766,,,,,180@,467,,,,,,69,3284,327,18493,
,1999-00,644,,,,,,,,..,..,..,..,..,INDIA.STATEKERALADISTRICT-WISE,,,,,,,,,,6979,,,,,962,496,,,,,,71,3293,359,20910,
,2000-01,618,,,,,,,,..,..,..,..,..,INDIA.STATEKERALADISTRICT-WISE,,,,,,,,,,5169,,,,,1130,325,,,,,,46,2077,344,12486,
ALAPUZA,1998-99,600,,,,,,,,..,..,..,..,..,INDIA.STATEKERALADISTRICT-WISE,,,,,,,,,,5650,,,,,163@,461,,,,,,60,3163,317,15700,
,1999-00,679,,,,,,,,..,..,..,..,..,INDIA.STATEKERALADISTRICT-WISE,,,,,,,,,,..,,,,,854,471,,,,,,73,3315,357,19875,
,2000-01,639,,,,,,,,..,..,..,..,..,INDIA.STATEKERALADISTRICT-WISE,,,,,,,,,,..,,,,,1106,284,,,,,,52,2121,401,10538,
KOTTAYAM,1998-99,603,,,,,,,,..,..,..,..,..,INDIA.STATEKERALADISTRICT-WISE,,,,,,,,,,5521,,,,,170@,474,,,,,,64,3860,331,18472,
,1999-00,677,,,,,,,,..,..,..,..,..,INDIA.STATEKERALADISTRICT-WISE,,,,,,,,,,6400,,,,,968,505,,,,,,74,3235,394,20648,
,2000-01,626,,,,,,,,..,..,..,..,..,INDIA.STATEKERALADISTRICT-WISE,,,,,,,,,,5063,,,,,1101,310,,,,,,45,2289,337,12628,
IDUKKI,1998-99,681,,,,,,,,..,..,..,..,..,INDIA.STATEKERALADISTRICT-WISE,,,,,,,,,,5702,,,,,158@,484,,,,,,59,3396,310,18548,
,1999-00,723,,,,,,,,..,..,..,..,..,INDIA.STATEKERALADISTRICT-WISE,,,,,,,,,,6699,,,,,851,553,,,,,,83,3225,412,21091,
,2000-01,694,,,,,,,,..,..,..,..,..,INDIA.STATEKERALADISTRICT-WISE,,,,,,,,,,5018,,,,,1042,343,,,,,,48,2473,317,12828,
ERNAKULAM,1998-99,595,,,,,,,,..,..,..,..,..,INDIA.STATEKERALADISTRICT-WISE,,,,,,,,,,5470,,,,,161@,468,,,,,,58,3599,277,17664,
,1999-00,678,,,,,,,,..,..,..,..,..,INDIA.STATEKERALADISTRICT-WISE,,,,,,,,,,6487,,,,,857,485,,,,,,71,3588,359,20727,
,2000-01,641,,,,,,,,..,..,..,..,..,INDIA.STATEKERALADISTRICT-WISE,,,,,,,,,,5243,,,,,1039,285,,,,,,40,2442,306,12793,
TRICHUR,1998-99,617,,,,,,,,..,..,..,..,..,INDIA.STATEKERALADISTRICT-WISE,,,,,,,,,,..,,,,,178@,443,,,,,,74,3698,306,18385,
,1999-00,678,,,,,,,,..,..,..,..,..,INDIA.STATEKERALADISTRICT-WISE,,,,,,,,,,..,,,,,934,447,,,,,,99,3876,366,20492,
,2000-01,630,,,,,,,,..,..,..,..,..,INDIA.STATEKERALADISTRICT-WISE,,,,,,,,,,..,,,,,1024,258,,,,,,50,2380,288,12646,
PALAKHAD,1998-99,634,,,,,,,,..,64,..,..,..,INDIA.STATEKERALADISTRICT-WISE,,,,,,,,,,5988,,,,,147@,424,,,,,,50,3984,271,18120,
,1999-00,681,,,,,,,,..,66,..,..,..,INDIA.STATEKERALADISTRICT-WISE,,,,,,,,,,6300,,,,,767,432,,,,,,69,3688,299,20043,
,2000-01,613,,,,,,,,..,68,..,..,..,INDIA.STATEKERALADISTRICT-WISE,,,,,,,,,,4904,,,,,906,238,,,,,,34,2561,300,12485,
MALAPURAM,1998-99,618,,,,,,,,..,..,..,..,..,INDIA.STATEKERALADISTRICT-WISE(Con,,,,,,,,,,..,,,,,153@,403,,,,,,56,3352,264,18029,
,1999-00,710,,,,,,,,..,..,..,..,..,INDIA.STATEKERALADISTRICT-WISE(Con,,,,,,,,,,..,,,,,846,435,,,,,,72,3967,296,20327,
,2000-00,626,,,,,,,,..,..,..,..,..,INDIA.STATEKERALADISTRICT-WISE(Con,,,,,,,,,,..,,,,,1009,224,,,,,,33,2373,282,12372,
KOZHIKODE,1998-99,776,,,,,,,,..,..,..,..,..,INDIA.STATEKERALADISTRICT-WISE(Con,,,,,,,,,,5695,,,,,160@,441,,,,,,62,3479,324,18271,
,1999-00,795,,,,,,,,..,..,..,..,..,INDIA.STATEKERALADISTRICT-WISE(Con,,,,,,,,,,6282,,,,,872,450,,,,,,65,3893,398,20470,
,2000-01,792,,,,,,,,..,..,..,..,..,INDIA.STATEKERALADISTRICT-WISE(Con,,,,,,,,,,4381,,,,,996,247,,,,,,31,2198,369,12202,
WAYANAD,1998-99,634,,,,,,,,..,..,..,..,..,INDIA.STATEKERALADISTRICT-WISE(Con,,,,,,,,,,5303,,,,,141@,501,,,,,,57,2931,285,18903,
,1999-00,676,,,,,,,,..,..,..,..,..,INDIA.STATEKERALADISTRICT-WISE(Con,,,,,,,,,,5673,,,,,675,496,,,,,,44,3360,360,21241,
,2000-01,615,,,,,,,,..,..,..,..,..,INDIA.STATEKERALADISTRICT-WISE(Con,,,,,,,,,,4218,,,,,836,336,,,,,,25,2018,328,12923,
CANNANORE,1998-99,612,,,,,,,,..,..,..,..,..,INDIA.STATEKERALADISTRICT-WISE(Con,,,,,,,,,,5863,,,,,172@,404,,,,,,67,4046,359,18090,
,1999-00,671,,,,,,,,..,..,..,..,..,INDIA.STATEKERALADISTRICT-WISE(Con,,,,,,,,,,6365,,,,,869,437,,,,,,69,4123,416,20758,
,2000-01,709,,,,,,,,..,..,..,..,..,INDIA.STATEKERALADISTRICT-WISE(Con,,,,,,,,,,4456,,,,,1016,249,,,,,,35,2407,407,12615,
KASARAGOD,1998-99,622,,,,,,,,..,..,..,..,..,INDIA.STATEKERALADISTRICT-WISE(Con,,,,,,,,,,..,,,,,175@,450,,,,,,82,3815,347,18297,
,1999 00,671,,,,,,,,..,..,..,..,..,INDIA.STATEKERALADISTRICT-WISE(Con,,,,,,,,,,..,,,,,926,491,,,,,,96,3835,382,20771,
,2000-01,628,,,,,,,,..,..,..,..,..,INDIA.STATEKERALADISTRICT-WISE(Con,,,,,,,,,,5625,,,,,1083,271,,,,,,44,2643,477,12358,
KERALA,1998-99,618,,,,,,,,..,62,..,..,..,INDIA.STATEKERALADISTRICT-WISE(Con,,,,,,,,,,5474,,,,,159@,437,,,,,,65,3805,316,18542,
(State weighted,1999-00,679,,,,,,,,..,66,..,..,..,INDIA.STATEKERALADISTRICT-WISE(Con,,,,,,,,,,6022,,,,,855,461,,,,,,78,3949,371,20930,
average),2000-01,628,,,,,,,,..,68,..,..,..,INDIA.STATEKERALADISTRICT-WISE(Con,,,,,,,,,,4572,,,,,998,262,,,,,,39,2423,345,12790,
GR.BOMBAY,1998-99,471,446,444,410,472,578,..,1042,2203,969,313,..,1207,INDIA.STATEMAHARASHTRADISTRICT-WIS,,,,,,,,,,,,,,,,,,,,,,,,,,
,1999-00,519,521,578,464,538,607,..,1184,2075,1007,320,..,1321,INDIA.STATEMAHARASHTRADISTRICT-WIS,,,,,,,,,,,,,,,,,,,,,,,,,,
,2000-01,534,525,562,479,539,624,..,1304,2062,1020,340,..,1244,INDIA.STATEMAHARASHTRADISTRICT-WIS,,,,,,,,,,,,,,,,,,,,,,,,,,
THANE,1998-99,512,..,..,..,445,..,..,..,..,..,..,..,..,INDIA.STATEMAHARASHTRADISTRICT-WIS,,,,,,,,,,,,,,,,,,,,,,,,,,
,1999-00,531,..,..,..,502,..,..,..,..,..,..,..,..,INDIA.STATEMAHARASHTRADISTRICT-WIS,,,,,,,,,,,,,,,,,,,,,,,,,,
,2000-01,542,..,..,..,513,..,..,..,..,..,..,..,..,INDIA.STATEMAHARASHTRADISTRICT-WIS,,,,,,,,,,,,,,,,,,,,,,,,,,
RAIGARH,1998-99,440,..,..,..,437,..,..,..,..,..,..,..,..,INDIA.STATEMAHARASHTRADISTRICT-WIS,,,,,,,,,,,,,,,,,,,,,,,,,,
,1999-00,501,..,..,..,518,..,..,..,..,..,..,..,..,INDIA.STATEMAHARASHTRADISTRICT-WIS,,,,,,,,,,,,,,,,,,,,,,,,,,
,2000-01,529,..,..,..,517,..,..,..,..,..,..,..,..,INDIA.STATEMAHARASHTRADISTRICT-WIS,,,,,,,,,,,,,,,,,,,,,,,,,,
RATNAGIRI,1998-99,484,..,..,..,454,..,..,..,..,..,..,..,..,INDIA.STATEMAHARASHTRADISTRICT-WIS,,,,,,,,,,,,,,,,,,,,,,,,,,
,1999-00,523,..,..,..,512,..,..,..,..,..,..,..,..,INDIA.STATEMAHARASHTRADISTRICT-WIS,,,,,,,,,,,,,,,,,,,,,,,,,,
,2000-00,529,..,..,..,520,..,..,..,..,..,..,..,..,INDIA.STATEMAHARASHTRADISTRICT-WIS,,,,,,,,,,,,,,,,,,,,,,,,,,
SINDHU-DURG,1998-99,434,..,..,..,458,..,..,..,..,..,..,..,..,INDIA.STATEMAHARASHTRADISTRICT-WIS,,,,,,,,,,,,,,,,,,,,,,,,,,
,1999-00,519,..,..,..,522,..,..,..,..,..,..,..,..,INDIA.STATEMAHARASHTRADISTRICT-WIS,,,,,,,,,,,,,,,,,,,,,,,,,,
,2000-01,524,..,..,..,524,..,..,..,..,..,..,..,..,INDIA.STATEMAHARASHTRADISTRICT-WIS,,,,,,,,,,,,,,,,,,,,,,,,,,
NASIK,1998-99,521,489,441,405,499,582,..,1011,2157,1011,313,..,1111,INDIA.STATEMAHARASHTRADISTRICT-WIS,,,,,,,,,,,,,,,,,,,,,,,,,,
,1999-00,530,521,571,462,569,602,..,1181,2081,1045,321,..,1276,INDIA.STATEMAHARASHTRADISTRICT-WIS,,,,,,,,,,,,,,,,,,,,,,,,,,
,2000-01,549,539,560,484,562,621,..,1291,2066,1069,..,..,1222,INDIA.STATEMAHARASHTRADISTRICT-WIS,,,,,,,,,,,,,,,,,,,,,,,,,,
DHULIA,1998-99,549,444,445,411,483,575,..,1171,2273,920,..,..,1292,INDIA.STATEMAHARASHTRADISTRICT-WIS,,,,,,,,,,,,,,,,,,,,,,,,,,
,1999-00,603,535,594,477,567,613,..,1237,2051,973,..,..,1346,INDIA.STATEMAHARASHTRADISTRICT-WIS,,,,,,,,,,,,,,,,,,,,,,,,,,
,2000-01,621,536,572,490,567,630,..,1311,2061,991,..,..,1259,INDIA.STATEMAHARASHTRADISTRICT-WIS,,,,,,,,,,,,,,,,,,,,,,,,,,
JALGAON,1998-99,541,441,452,419,..,574,..,998,2167,918,..,..,1316,INDIA.STATEMAHARASHTRADISTRICT-WIS,,,,,,,,,,,,,,,,,,,,,,,,,,
,1999-00,576,517,588,454,..,610,..,1169,2088,961,..,..,1362,INDIA.STATEMAHARASHTRADISTRICT-WIS,,,,,,,,,,,,,,,,,,,,,,,,,,
,2000-01,611,520,561,467,..,626,..,1311,2068,956,..,..,1268,INDIA.STATEMAHARASHTRADISTRICT-WIS,,,,,,,,,,,,,,,,,,,,,,,,,,
AHMEDNAGAR,1998-99,502,508,456,371,448,578,..,1139,2001,909,310,..,1238,INDIA.STATEMAHARASHTRADISTRICT-WIS,,,,,,,,,,,,,,,,,,,,,,,,,,
,1999-00,468,569,532,448,525,641,..,1146,1984,871,306,..,1241,INDIA.STATEMAHARASHTRADISTRICT-WIS,,,,,,,,,,,,,,,,,,,,,,,,,,
,2000-01,504,583,526,462,533,662,..,1267,1973,864,324,..,1194,INDIA.STATEMAHARASHTRADISTRICT-WIS,,,,,,,,,,,,,,,,,,,,,,,,,,
PUNE,1998-99,481,521,468,384,456,574,..,1151,2062,881,324,..,1172,INDIA.STATEMAHARASHTRADISTRICT-WIS,,,,,,,,,,,,,,,,,,,,,,,,,,
,1999-00,452,555,503,454,531,647,..,1168,1978,806,319,..,1234,INDIA.STATEMAHARASHTRADISTRICT-WIS,,,,,,,,,,,,,,,,,,,,,,,,,,
,2000-00,497,587,521,468,535,665,..,1279,1976,892,342,..,1205,INDIA.STATEMAHARASHTRADISTRICT-WIS,,,,,,,,,,,,,,,,,,,,,,,,,,
SOLAPUR,1998-99,471,533,446,367,..,591,..,1198,1930,854,..,..,1201,INDIA.STATEMAHARASHTRADISTRICT-WIS,,,,,,,,,,,,,,,,,,,,,,,,,,
,1999-00,441,541,478,445,..,654,..,1202,1920,840,..,..,1253,INDIA.STATEMAHARASHTRADISTRICT-WIS,,,,,,,,,,,,,,,,,,,,,,,,,,
,2000-01,478,578,484,459,..,674,..,1283,1961,886,..,..,1223,INDIA.STATEMAHARASHTRADISTRICT-WIS,,,,,,,,,,,,,,,,,,,,,,,,,,
SATARA,1998-99,491,515,451,362,422,575,..,1168,2081,861,321,..,1272,INDIA.STATEMAHARASHTRADISTRICT-WIS,,,,,,,,,,,,,,,,,,,,,,,,,,
,1999-00,524,571,468,436,512,641,..,1231,2048,855,298,..,1335,INDIA.STATEMAHARASHTRADISTRICT-WIS,,,,,,,,,,,,,,,,,,,,,,,,,,
,2000-01,528,..,471,454,519,664,..,1321,1984,867,312,..,1319,INDIA.STATEMAHARASHTRADISTRICT-WIS,,,,,,,,,,,,,,,,,,,,,,,,,,
SANGLI,1998-99,484,520,438,383,431,566,..,1092,1841,864,..,..,1260,INDIA.STATEMAHARASHTRADISTRICT-WIS,,,,,,,,,,,,,,,,,,,,,,,,,,
,1999-00,531,563,450,450,508,635,..,1184,1866,852,..,..,1351,INDIA.STATEMAHARASHTRADISTRICT-WIS,,,,,,,,,,,,,,,,,,,,,,,,,,
,2000-01,541,..,466,459,517,659,..,1311,1958,860,..,..,1323,INDIA.STATEMAHARASHTRADISTRICT-WIS,,,,,,,,,,,,,,,,,,,,,,,,,,
KOLHAPUR,1998-99,501,501,..,465,439,568,..,1138,2065,870,..,1600,1248,INDIA.STATEMAHARASHTRADISTRICT-WIS,,,,,,,,,,,,,,,,,,,,,,,,,,
,1999-00,589,560,..,453,515,647,..,1223,2051,843,..,1873,1330,INDIA.STATEMAHARASHTRADISTRICT-WIS,,,,,,,,,,,,,,,,,,,,,,,,,,
,2000-01,571,..,..,464,522,667,..,1318,2015,855,..,1942,1341,INDIA.STATEMAHARASHTRADISTRICT-WIS,,,,,,,,,,,,,,,,,,,,,,,,,,
AURANGABAD,1998-99,461,494,436,370,..,561,..,1147,2091,824,298,..,1189,INDIA.STATEMAHARASHTRADISTRICT-WIS,,,,,,,,,,,,,,,,,,,,,,,,,,
,1999-00,471,511,465,449,..,648,..,1204,2129,799,309,..,1208,INDIA.STATEMAHARASHTRADISTRICT-WIS,,,,,,,,,,,,,,,,,,,,,,,,,,
,2000-01,483,..,461,462,..,670,..,1311,2041,823,319,..,1226,INDIA.STATEMAHARASHTRADISTRICT-WIS,,,,,,,,,,,,,,,,,,,,,,,,,,
JALNA,1998-99,455,505,428,366,..,571,..,1138,1953,811,..,..,1198,INDIA.STATEMAHARASHTRADISTRICT-WIS,,,,,,,,,,,,,,,,,,,,,,,,,,
,1999-00,450,527,472,442,..,642,..,1212,2040,801,..,..,1248,INDIA.STATEMAHARASHTRADISTRICT-WIS,,,,,,,,,,,,,,,,,,,,,,,,,,
,2000-01,471,530,466,457,..,671,..,1319,2044,815,..,..,1222,INDIA.STATEMAHARASHTRADISTRICT-WIS,,,,,,,,,,,,,,,,,,,,,,,,,,
PARBHANI,1998-99,435,502,413,369,..,571,..,1184,1999,791,..,..,1310,INDIA.STATEMAHARASHTRADISTRICT-WIS,,,,,,,,,,,,,,,,,,,,,,,,,,
,1999-00,480,529,431,428,..,644,..,1233,2065,781,..,..,1268,INDIA.STATEMAHARASHTRADISTRICT-WIS,,,,,,,,,,,,,,,,,,,,,,,,,,
,2000-01,500,537,442,439,..,668,..,1357,2072,803,..,..,1261,INDIA.STATEMAHARASHTRADISTRICT-WIS,,,,,,,,,,,,,,,,,,,,,,,,,,
BEED,1998-99,447,503,430,362,..,558,..,1165,2078,800,292,..,1249,INDIA.STATEMAHARASHTRADISTRICT-WIS,,,,,,,,,,,,,,,,,,,,,,,,,,
,1999-00,441,532,441,434,..,655,..,1224,2134,795,285,..,1236,INDIA.STATEMAHARASHTRADISTRICT-WIS,,,,,,,,,,,,,,,,,,,,,,,,,,
,2000-01,466,540,446,448,..,665,..,1323,2081,819,311,..,1228,INDIA.STATEMAHARASHTRADISTRICT-WIS,,,,,,,,,,,,,,,,,,,,,,,,,,
CHITTOR,1998-99,,,,,,,,,,,,,,INDIA.STATEANDHRAPRADESHDISTRICT-W,..,1881,..,1310,..,1891,..,..,..,..,3451,2496,718,,,,,,,,,,,,,
,1999-00,,,,,,,,,,,,,,INDIA.STATEANDHRAPRADESHDISTRICT-W,..,1575,..,..,..,1864,..,..,..,..,2705,1947,701,,,,,,,,,,,,,
,2000-01,,,,,,,,,,,,,,INDIA.STATEANDHRAPRADESHDISTRICT-W,..,1249,..,1012,..,1930,..,..,..,..,2447,1006,824,,,,,,,,,,,,,
CUDDAPAH,1998-99,,,,,,,,,,,,,,INDIA.STATEANDHRAPRADESHDISTRICT-W,..,1881,..,1310,..,1968,..,..,..,..,3451,2145,718,,,,,,,,,,,,,
,1999-00,,,,,,,,,,,,,,INDIA.STATEANDHRAPRADESHDISTRICT-W,..,1575,..,1190,..,1851,..,..,..,..,2705,1940,..,,,,,,,,,,,,,
,2000-01,,,,,,,,,,,,,,INDIA.STATEANDHRAPRADESHDISTRICT-W,..,1249,..,1093,..,1930,..,..,..,..,2447,1106,701,,,,,,,,,,,,,
ANANTAPUR,1998-99,,,,,,,,,,,,,,INDIA.STATEANDHRAPRADESHDISTRICT-W,..,1759,..,1310,..,1891,..,..,..,..,3684,2496,..,,,,,,,,,,,,,
,1999-00,,,,,,,,,,,,,,INDIA.STATEANDHRAPRADESHDISTRICT-W,..,1575,..,..,..,1851,..,..,..,..,2971,1940,..,,,,,,,,,,,,,
,2000-01,,,,,,,,,,,,,,INDIA.STATEANDHRAPRADESHDISTRICT-W,..,1259,..,1093,..,1930,..,..,..,..,2395,1006,..,,,,,,,,,,,,,
KURNOOL,1998-99,,,,,,,,,,,,,,INDIA.STATEANDHRAPRADESHDISTRICT-W,..,1881,..,1310,..,1815,..,..,..,..,3217,2496,..,,,,,,,,,,,,,
,1999-00,,,,,,,,,,,,,,INDIA.STATEANDHRAPRADESHDISTRICT-W,..,1575,..,1190,..,1875,..,..,..,..,2709,1940,824,,,,,,,,,,,,,
,2000-01,,,,,,,,,,,,,,INDIA.STATEANDHRAPRADESHDISTRICT-W,..,1249,..,1093,..,1922,..,..,..,..,2715,1006,..,,,,,,,,,,,,,
MAHBUBNAGAR,1998-99,,,,,,,,,,,,,,INDIA.STATEANDHRAPRADESHDISTRICT-W,..,1836,..,1260,..,1836,..,..,..,..,2419,1805,718,,,,,,,,,,,,,
,1999-00,,,,,,,,,,,,,,INDIA.STATEANDHRAPRADESHDISTRICT-W,..,1564,..,..,..,1875,..,..,..,..,2709,1940,824,,,,,,,,,,,,,
,2000-01,,,,,,,,,,,,,,INDIA.STATEANDHRAPRADESHDISTRICT-W,..,1845,..,1035,..,2075,..,..,..,..,2508,1006,701,,,,,,,,,,,,,
RANGAREDDY,1998-99,,,,,,,,,,,,,,INDIA.STATEANDHRAPRADESHDISTRICT-W,..,1860,..,1358,..,2406,..,..,..,..,3151,1805,..,,,,,,,,,,,,,
,1999-00,,,,,,,,,,,,,,INDIA.STATEANDHRAPRADESHDISTRICT-W,..,1687,..,1147,..,1990,..,..,..,..,2001,1989,..,,,,,,,,,,,,,
,2000-01,,,,,,,,,,,,,,INDIA.STATEANDHRAPRADESHDISTRICT-W,..,1845,..,1048,..,2212,..,..,..,..,2492,1320,..,,,,,,,,,,,,,
MEDAK,1998-99,,,,,,,,,,,,,,INDIA.STATEANDHRAPRADESHDISTRICT-W,..,1918,..,1334,..,2050,..,..,..,..,3307,1805,..,,,,,,,,,,,,,
,1999-00,,,,,,,,,,,,,,INDIA.STATEANDHRAPRADESHDISTRICT-W,..,1985,..,1147,..,1990,..,..,..,..,2001,1989,824,,,,,,,,,,,,,
,2000-01,,,,,,,,,,,,,,INDIA.STATEANDHRAPRADESHDISTRICT-W,..,1996,..,1048,..,2212,..,..,..,..,2097,1320,701,,,,,,,,,,,,,
NIZAMABAD,1998-99,,,,,,,,,,,,,,INDIA.STATEANDHRAPRADESHDISTRICT-W,..,2240,..,1334,..,1914,..,..,..,..,3105,1805,718,,,,,,,,,,,,,
,1999-00,,,,,,,,,,,,,,INDIA.STATEANDHRAPRADESHDISTRICT-W,..,1985,..,1147,..,1990,..,..,..,..,2092,2410,824,,,,,,,,,,,,,
,2000-01,,,,,,,,,,,,,,INDIA.STATEANDHRAPRADESHDISTRICT-W,..,1996,..,976,..,2212,..,..,..,..,2401,1320,701,,,,,,,,,,,,,
ADILABAD,1998-99,,,,,,,,,,,,,,INDIA.STATEANDHRAPRADESHDISTRICT-W,..,2021,..,1334,..,2262,..,..,..,..,3161,1805,..,,,,,,,,,,,,,
,1999-00,,,,,,,,,,,,,,INDIA.STATEANDHRAPRADESHDISTRICT-W,..,1904,..,1147,..,2092,..,..,..,..,2235,2410,..,,,,,,,,,,,,,
,2000-01,,,,,,,,,,,,,,INDIA.STATEANDHRAPRADESHDISTRICT-W,..,1627,..,976,..,2071,..,..,..,..,2439,1320,..,,,,,,,,,,,,,
NANDED,1998-99,472,465,422,381,..,557,..,1202,1992,806,..,..,1301,INDIA.STATEMAHARASHTRADISTRICT-WIS,,,,,,,,,,,,,,,,,,,,,,,,,,
,1999-00,474,518,481,449,..,631,..,1240,1971,801,..,..,1281,INDIA.STATEMAHARASHTRADISTRICT-WIS,,,,,,,,,,,,,,,,,,,,,,,,,,
,2000-01,503,533,472,461,..,665,..,1367,1994,809,..,..,1264,INDIA.STATEMAHARASHTRADISTRICT-WIS,,,,,,,,,,,,,,,,,,,,,,,,,,
OSMANABAD,1998-99,490,448,407,364,..,563,..,1210,2002,782,..,..,1266,INDIA.STATEMAHARASHTRADISTRICT-WIS,,,,,,,,,,,,,,,,,,,,,,,,,,
,1999-00,469,522,498,451,..,647,..,1278,1981,711,..,..,1249,INDIA.STATEMAHARASHTRADISTRICT-WIS,,,,,,,,,,,,,,,,,,,,,,,,,,
,2000-01,482,528,463,465,..,671,..,1374,2016,797,..,..,1231,INDIA.STATEMAHARASHTRADISTRICT-WIS,,,,,,,,,,,,,,,,,,,,,,,,,,
LATUR,1998-99,486,451,401,329,..,563,..,1198,2001,802,..,..,1278,INDIA.STATEMAHARASHTRADISTRICT-WIS,,,,,,,,,,,,,,,,,,,,,,,,,,
,1999-00,472,531,423,460,..,661,..,1261,1968,784,..,..,1262,INDIA.STATEMAHARASHTRADISTRICT-WIS,,,,,,,,,,,,,,,,,,,,,,,,,,
,2000-01,477,535,439,471,..,675,..,1379,2021,810,..,..,1239,INDIA.STATEMAHARASHTRADISTRICT-WIS,,,,,,,,,,,,,,,,,,,,,,,,,,
BULDHANA,1998-99,474,440,412,344,..,556,..,1118,1919,834,..,..,1254,INDIA.STATEMAHARASHTRADISTRICT-WIS,,,,,,,,,,,,,,,,,,,,,,,,,,
,1999-00,478,492,410,429,..,642,..,1202,2001,809,..,..,1278,INDIA.STATEMAHARASHTRADISTRICT-WIS,,,,,,,,,,,,,,,,,,,,,,,,,,
,2000-01,483,489,407,437,..,674,..,1325,2038,792,..,..,1332,INDIA.STATEMAHARASHTRADISTRICT-WIS,,,,,,,,,,,,,,,,,,,,,,,,,,
AKOLA,1998-99,459,449,410,341,..,551,..,1163,1965,827,..,..,1271,INDIA.STATEMAHARASHTRADISTRICT-WIS,,,,,,,,,,,,,,,,,,,,,,,,,,
,1999-00,480,505,412,413,..,635,..,1242,1948,814,..,..,1251,INDIA.STATEMAHARASHTRADISTRICT-WIS,,,,,,,,,,,,,,,,,,,,,,,,,,
,2000-01,489,508,405,432,..,674,..,1361,1992,796,..,..,1313,INDIA.STATEMAHARASHTRADISTRICT-WIS,,,,,,,,,,,,,,,,,,,,,,,,,,
AMRAWATI,1998-99,445,443,407,348,..,547,..,1098,1980,814,328,..,1269,INDIA.STATEMAHARASHTRADISTRICT-WIS,,,,,,,,,,,,,,,,,,,,,,,,,,
,1999-00,455,473,452,426,..,630,..,1162,1957,795,322,..,1272,INDIA.STATEMAHARASHTRADISTRICT-WIS,,,,,,,,,,,,,,,,,,,,,,,,,,
,2000-01,469,501,432,441,..,672,..,1273,2017,810,329,..,1335,INDIA.STATEMAHARASHTRADISTRICT-WIS,,,,,,,,,,,,,,,,,,,,,,,,,,
YEOTMAL,1998-99,438,400,412,352,..,553,..,1089,1975,810,..,..,1288,INDIA.STATEMAHARASHTRADISTRICT-WIS,,,,,,,,,,,,,,,,,,,,,,,,,,
,1999-00,436,454,447,443,..,638,..,1177,2011,791,..,..,1295,INDIA.STATEMAHARASHTRADISTRICT-WIS,,,,,,,,,,,,,,,,,,,,,,,,,,
,2000-01,444,493,417,449,..,668,..,1266,2020,799,..,..,1321,INDIA.STATEMAHARASHTRADISTRICT-WIS,,,,,,,,,,,,,,,,,,,,,,,,,,
WARDHA,1998-99,463,411,414,331,..,531,..,1130,1992,788,..,..,1245,INDIA.STATEMAHARASHTRADISTRICT-WIS,,,,,,,,,,,,,,,,,,,,,,,,,,
,1999-00,501,475,471,466,..,618,..,1216,1984,771,..,..,1290,INDIA.STATEMAHARASHTRADISTRICT-WIS,,,,,,,,,,,,,,,,,,,,,,,,,,
,2000-01,516,484,440,461,..,658,..,1323,2006,792,..,..,1316,INDIA.STATEMAHARASHTRADISTRICT-WIS,,,,,,,,,,,,,,,,,,,,,,,,,,
NAGPUR,1998-99,481,411,415,331,..,547,..,1183,2023,796,331,..,1273,INDIA.STATEMAHARASHTRADISTRICT-WIS,,,,,,,,,,,,,,,,,,,,,,,,,,
,1999-00,479,488,478,457,..,631,..,1260,2001,775,326,..,1314,INDIA.STATEMAHARASHTRADISTRICT-WIS,,,,,,,,,,,,,,,,,,,,,,,,,,
,2000-01,501,486,461,464,..,663,..,1326,2114,784,332,..,1322,INDIA.STATEMAHARASHTRADISTRICT-WIS,,,,,,,,,,,,,,,,,,,,,,,,,,
BHANDARA,1998-99,473,414,..,337,..,560,..,1158,1986,813,325,..,..,INDIA.STATEMAHARASHTRADISTRICT-WIS,,,,,,,,,,,,,,,,,,,,,,,,,,
,1999-00,461,481,471,451,..,649,..,1244,1977,801,330,..,..,INDIA.STATEMAHARASHTRADISTRICT-WIS,,,,,,,,,,,,,,,,,,,,,,,,,,
,2000-01,484,488,457,455,..,670,..,1331,2002,798,338,..,..,INDIA.STATEMAHARASHTRADISTRICT-WIS,,,,,,,,,,,,,,,,,,,,,,,,,,
CHANDRAPUR,1998-99,478,416,..,341,..,564,..,1169,1963,808,..,..,..,INDIA.STATEMAHARASHTRADISTRICT-WIS,,,,,,,,,,,,,,,,,,,,,,,,,,
,1999-00,466,490,481,449,..,646,..,1250,1958,786,..,..,..,INDIA.STATEMAHARASHTRADISTRICT-WIS,,,,,,,,,,,,,,,,,,,,,,,,,,
,2000-01,473,494,468,445,..,672,..,1363,1993,791,..,..,..,INDIA.STATEMAHARASHTRADISTRICT-WIS,,,,,,,,,,,,,,,,,,,,,,,,,,
GADCHIROLI,1998-99,446,420,..,349,..,558,..,1190,2002,..,..,..,..,INDIA.STATEMAHARASHTRADISTRICT-WIS,,,,,,,,,,,,,,,,,,,,,,,,,,
,1999-00,441,505,461,438,..,640,..,1277,1989,..,..,..,..,INDIA.STATEMAHARASHTRADISTRICT-WIS,,,,,,,,,,,,,,,,,,,,,,,,,,
,2000-01,462,502,450,442,..,666,..,1158,2001,..,..,..,..,INDIA.STATEMAHARASHTRADISTRICT-WIS,,,,,,,,,,,,,,,,,,,,,,,,,,
NANDURBAR,1998-99,..,..,..,..,..,..,..,..,..,..,..,..,..,INDIA.STATEMAHARASHTRADISTRICT-WIS,,,,,,,,,,,,,,,,,,,,,,,,,,
,1999-00,..,..,..,..,..,..,..,..,..,..,..,..,..,INDIA.STATEMAHARASHTRADISTRICT-WIS,,,,,,,,,,,,,,,,,,,,,,,,,,
,2000-01,617,532,558,479,560,637,..,1308,2054,963,..,..,1246,INDIA.STATEMAHARASHTRADISTRICT-WIS,,,,,,,,,,,,,,,,,,,,,,,,,,
GONDIYA,1998-99,..,..,..,..,..,..,..,..,..,..,..,..,..,INDIA.STATEMAHARASHTRADISTRICT-WIS,,,,,,,,,,,,,,,,,,,,,,,,,,
,1999-00,..,..,..,..,..,..,..,..,..,..,..,..,..,INDIA.STATEMAHARASHTRADISTRICT-WIS,,,,,,,,,,,,,,,,,,,,,,,,,,
,2000-01,475,497,461,447,674,..,..,1394,1989,789,..,..,..,INDIA.STATEMAHARASHTRADISTRICT-WIS,,,,,,,,,,,,,,,,,,,,,,,,,,
HINGOLI,1998-99,..,..,..,..,..,..,..,..,..,..,..,..,..,INDIA.STATEMAHARASHTRADISTRICT-WIS,,,,,,,,,,,,,,,,,,,,,,,,,,
,1999-00,..,..,..,..,..,..,..,..,..,..,..,..,..,INDIA.STATEMAHARASHTRADISTRICT-WIS,,,,,,,,,,,,,,,,,,,,,,,,,,
,2000-01,..,529,431,444,..,663,..,1325,2063,813,..,..,1256,INDIA.STATEMAHARASHTRADISTRICT-WIS,,,,,,,,,,,,,,,,,,,,,,,,,,
WASHIM,1998-99,..,..,..,..,..,..,..,..,..,..,..,..,..,INDIA.STATEMAHARASHTRADISTRICT-WIS,,,,,,,,,,,,,,,,,,,,,,,,,,
,1999-00,..,..,..,..,..,..,..,..,..,..,..,..,..,INDIA.STATEMAHARASHTRADISTRICT-WIS,,,,,,,,,,,,,,,,,,,,,,,,,,
,2000-01,464,511,416,444,..,669,..,1278,2011,805,..,..,1317,INDIA.STATEMAHARASHTRADISTRICT-WIS,,,,,,,,,,,,,,,,,,,,,,,,,,
MAHARASHTRA,1998-99,475,474,445,379,458,568,..,1132,1994,865,322,1600,1235,INDIA.STATEMAHARASHTRADISTRICT-WIS,,,,,,,,,,,,,,,,,,,,,,,,,,
(S.W.Average),1999-00,499,528,510,449,530,636,..,1203,1992,847,311,1873,1291,INDIA.STATEMAHARASHTRADISTRICT-WIS,,,,,,,,,,,,,,,,,,,,,,,,,,
,2000-01,513,542,507,462,533,660,..,1313,2025,884,330,1943,1262,INDIA.STATEMAHARASHTRADISTRICT-WIS,,,,,,,,,,,,,,,,,,,,,,,,,,
GR.BOMBAY,1998-99,,,,,,,,,,,,,,INDIA.STATEMAHARASHTRADISTRICT-WIS,..,2019,..,876,..,..,..,..,..,..,2689,..,..,,,,,,,,,,,,,
,1999-00,,,,,,,,,,,,,,INDIA.STATEMAHARASHTRADISTRICT-WIS,..,2207,..,900,..,..,..,..,..,..,2685,..,..,,,,,,,,,,,,,
,2000-01,,,,,,,,,,,,,,INDIA.STATEMAHARASHTRADISTRICT-WIS,..,1974,..,922,..,..,..,..,..,..,2620,..,..,,,,,,,,,,,,,
THANE,1998-99,,,,,,,,,,,,,,INDIA.STATEMAHARASHTRADISTRICT-WIS,..,..,..,..,..,..,..,..,..,..,..,..,..,,,,,,,,,,,,,
,1999-00,,,,,,,,,,,,,,INDIA.STATEMAHARASHTRADISTRICT-WIS,..,..,..,..,..,..,..,..,..,..,..,..,..,,,,,,,,,,,,,
,2000-00,,,,,,,,,,,,,,INDIA.STATEMAHARASHTRADISTRICT-WIS,..,..,..,..,..,..,..,..,..,..,..,..,..,,,,,,,,,,,,,
RAIGARH,1998-99,,,,,,,,,,,,,,INDIA.STATEMAHARASHTRADISTRICT-WIS,..,..,..,..,..,..,..,..,..,..,..,..,..,,,,,,,,,,,,,
,1999-00,,,,,,,,,,,,,,INDIA.STATEMAHARASHTRADISTRICT-WIS,..,..,..,..,..,..,..,..,..,..,..,..,..,,,,,,,,,,,,,
,2000-01,,,,,,,,,,,,,,INDIA.STATEMAHARASHTRADISTRICT-WIS,..,..,..,..,..,..,..,..,..,..,..,..,..,,,,,,,,,,,,,
RATNAGIRI,1998-99,,,,,,,,,,,,,,INDIA.STATEMAHARASHTRADISTRICT-WIS,..,..,..,..,..,..,..,..,..,..,2410,..,..,,,,,,,,,,,,,
,1999-00,,,,,,,,,,,,,,INDIA.STATEMAHARASHTRADISTRICT-WIS,..,..,..,..,..,..,..,..,..,..,2531,..,..,,,,,,,,,,,,,
,2000-01,,,,,,,,,,,,,,INDIA.STATEMAHARASHTRADISTRICT-WIS,..,..,..,..,..,..,..,..,..,..,2640,..,..,,,,,,,,,,,,,
SINDHU-DURG,1998-99,,,,,,,,,,,,,,INDIA.STATEMAHARASHTRADISTRICT-WIS,..,..,..,..,..,..,..,..,..,..,..,..,..,,,,,,,,,,,,,
,1999-00,,,,,,,,,,,,,,INDIA.STATEMAHARASHTRADISTRICT-WIS,..,..,..,..,..,..,..,..,..,..,..,..,..,,,,,,,,,,,,,
,2000-01,,,,,,,,,,,,,,INDIA.STATEMAHARASHTRADISTRICT-WIS,..,..,..,..,..,..,..,..,..,..,..,..,..,,,,,,,,,,,,,
NASIK,1998-99,,,,,,,,,,,,,,INDIA.STATEMAHARASHTRADISTRICT-WIS,..,1733,..,..,..,..,..,..,..,..,2633,..,..,,,,,,,,,,,,,
,1999-00,,,,,,,,,,,,,,INDIA.STATEMAHARASHTRADISTRICT-WIS,..,1919,..,..,..,..,..,..,..,..,2689,..,..,,,,,,,,,,,,,
,2000-01,,,,,,,,,,,,,,INDIA.STATEMAHARASHTRADISTRICT-WIS,..,1711,..,..,..,..,..,..,..,..,2718,..,..,,,,,,,,,,,,,
DHULIA,1998-99,,,,,,,,,,,,,,INDIA.STATEMAHARASHTRADISTRICT-WIS,..,2068,..,..,..,..,..,..,..,..,2642,..,..,,,,,,,,,,,,,
,1999-00,,,,,,,,,,,,,,INDIA.STATEMAHARASHTRADISTRICT-WIS,..,2241,..,..,..,..,..,..,..,..,2677,..,..,,,,,,,,,,,,,
,2000-01,,,,,,,,,,,,,,INDIA.STATEMAHARASHTRADISTRICT-WIS,..,1922,..,..,..,..,..,..,..,..,2592,..,..,,,,,,,,,,,,,
JALGAON,1998-99,,,,,,,,,,,,,,INDIA.STATEMAHARASHTRADISTRICT-WIS,..,2007,..,876,..,..,..,..,..,..,2805,..,..,,,,,,,,,,,,,
,1999-00,,,,,,,,,,,,,,INDIA.STATEMAHARASHTRADISTRICT-WIS,..,2204,..,901,..,..,..,..,..,..,2843,..,..,,,,,,,,,,,,,
,2000-01,,,,,,,,,,,,,,INDIA.STATEMAHARASHTRADISTRICT-WIS,..,1998,..,922,..,..,..,..,..,..,2781,..,..,,,,,,,,,,,,,
AHMEDNAGAR,1998-99,,,,,,,,,,,,,,INDIA.STATEMAHARASHTRADISTRICT-WIS,..,1880,1028,..,..,..,..,..,..,..,..,..,..,,,,,,,,,,,,,
,1999-00,,,,,,,,,,,,,,INDIA.STATEMAHARASHTRADISTRICT-WIS,..,2005,1102,..,..,..,..,..,..,..,..,..,..,,,,,,,,,,,,,
,2000-01,,,,,,,,,,,,,,INDIA.STATEMAHARASHTRADISTRICT-WIS,..,1949,1084,..,..,..,..,..,..,..,2963,..,..,,,,,,,,,,,,,
PUNE,1998-99,,,,,,,,,,,,,,INDIA.STATEMAHARASHTRADISTRICT-WIS,..,1901,..,..,..,..,..,..,..,..,2940,..,..,,,,,,,,,,,,,
,1999-00,,,,,,,,,,,,,,INDIA.STATEMAHARASHTRADISTRICT-WIS,..,2016,..,..,..,..,..,..,..,..,2979,..,..,,,,,,,,,,,,,
,2000-01,,,,,,,,,,,,,,INDIA.STATEMAHARASHTRADISTRICT-WIS,..,1933,..,..,..,..,..,..,..,..,2778,..,..,,,,,,,,,,,,,
SOLAPUR,1998-99,,,,,,,,,,,,,,INDIA.STATEMAHARASHTRADISTRICT-WIS,..,1984,1032,963,..,..,..,..,..,..,2839,..,..,,,,,,,,,,,,,
,1999-00,,,,,,,,,,,,,,INDIA.STATEMAHARASHTRADISTRICT-WIS,..,2061,1088,978,..,..,..,..,..,..,2820,..,..,,,,,,,,,,,,,
,2000-01,,,,,,,,,,,,,,INDIA.STATEMAHARASHTRADISTRICT-WIS,..,1954,1070,954,..,..,..,..,..,..,2778,..,..,,,,,,,,,,,,,
SATARA,1998-99,,,,,,,,,,,,,,INDIA.STATEMAHARASHTRADISTRICT-WIS,..,..,..,..,..,..,..,..,..,..,2771,..,..,,,,,,,,,,,,,
,1999-00,,,,,,,,,,,,,,INDIA.STATEMAHARASHTRADISTRICT-WIS,..,..,..,..,..,..,..,..,..,..,2688,..,..,,,,,,,,,,,,,
,2000-00,,,,,,,,,,,,,,INDIA.STATEMAHARASHTRADISTRICT-WIS,..,..,..,..,..,..,..,..,..,..,2704,..,..,,,,,,,,,,,,,
SANGLI,1998-99,,,,,,,,,,,,,,INDIA.STATEMAHARASHTRADISTRICT-WIS,..,..,..,..,..,..,..,..,..,..,2750,..,..,,,,,,,,,,,,,
,1999-00,,,,,,,,,,,,,,INDIA.STATEMAHARASHTRADISTRICT-WIS,..,..,..,..,..,..,..,..,..,..,2733,..,..,,,,,,,,,,,,,
,2000-01,,,,,,,,,,,,,,INDIA.STATEMAHARASHTRADISTRICT-WIS,..,..,..,..,..,..,..,..,..,..,2712,..,..,,,,,,,,,,,,,
KOLHAPUR,1998-99,,,,,,,,,,,,,,INDIA.STATEMAHARASHTRADISTRICT-WIS,..,..,..,..,..,..,..,..,..,..,2830,..,..,,,,,,,,,,,,,
,1999-00,,,,,,,,,,,,,,INDIA.STATEMAHARASHTRADISTRICT-WIS,..,..,..,..,..,..,..,..,..,..,2842,..,..,,,,,,,,,,,,,
,2000-01,,,,,,,,,,,,,,INDIA.STATEMAHARASHTRADISTRICT-WIS,..,..,..,..,..,..,..,..,..,..,2772,..,..,,,,,,,,,,,,,
AURANGABAD,1998-99,,,,,,,,,,,,,,INDIA.STATEMAHARASHTRADISTRICT-WIS,..,2086,1097,939,..,..,..,..,..,..,2579,..,..,,,,,,,,,,,,,
,1999-00,,,,,,,,,,,,,,INDIA.STATEMAHARASHTRADISTRICT-WIS,..,2170,1132,1013,..,..,..,..,..,..,2632,..,..,,,,,,,,,,,,,
,2000-01,,,,,,,,,,,,,,INDIA.STATEMAHARASHTRADISTRICT-WIS,..,1993,1141,966,..,..,..,..,..,..,2589,..,..,,,,,,,,,,,,,
JALNA,1998-99,,,,,,,,,,,,,,INDIA.STATEMAHARASHTRADISTRICT-WIS,..,2091,1101,..,..,..,..,..,..,..,..,..,..,,,,,,,,,,,,,
,1999-00,,,,,,,,,,,,,,INDIA.STATEMAHARASHTRADISTRICT-WIS,..,2170,1107,..,..,..,..,..,..,..,..,..,..,,,,,,,,,,,,,
,2000-01,,,,,,,,,,,,,,INDIA.STATEMAHARASHTRADISTRICT-WIS,..,1988,1128,..,..,..,..,..,..,..,..,..,..,,,,,,,,,,,,,
PARBHANI,1998-99,,,,,,,,,,,,,,INDIA.STATEMAHARASHTRADISTRICT-WIS,..,2169,1230,971,..,..,..,..,..,..,..,..,..,,,,,,,,,,,,,
,1999-00,,,,,,,,,,,,,,INDIA.STATEMAHARASHTRADISTRICT-WIS,..,2239,1144,1011,..,..,..,..,..,..,..,..,..,,,,,,,,,,,,,
,2000-01,,,,,,,,,,,,,,INDIA.STATEMAHARASHTRADISTRICT-WIS,..,2083,1131,945,..,..,..,..,..,..,..,..,..,,,,,,,,,,,,,
BEED,1998-99,,,,,,,,,,,,,,INDIA.STATEMAHARASHTRADISTRICT-WIS,..,2079,1044,..,..,..,..,..,..,..,2581,..,..,,,,,,,,,,,,,
,1999-00,,,,,,,,,,,,,,INDIA.STATEMAHARASHTRADISTRICT-WIS,..,2177,1064,..,..,..,..,..,..,..,2641,..,..,,,,,,,,,,,,,
,2000-01,,,,,,,,,,,,,,INDIA.STATEMAHARASHTRADISTRICT-WIS,..,1998,1038,..,..,..,..,..,..,..,2624,..,..,,,,,,,,,,,,,
NANDED,1998-99,,,,,,,,,,,,,,INDIA.STATEMAHARASHTRADISTRICT-WIS,..,2181,1145,1058,..,..,..,..,..,..,2284,..,..,,,,,,,,,,,,,
,1999-00,,,,,,,,,,,,,,INDIA.STATEMAHARASHTRADISTRICT-WIS,..,2253,1131,1052,..,..,..,..,..,..,2334,..,..,,,,,,,,,,,,,
,2000-01,,,,,,,,,,,,,,INDIA.STATEMAHARASHTRADISTRICT-WIS,..,2121,1084,969,..,..,..,..,..,..,2358,..,..,,,,,,,,,,,,,
OSMANABAD,1998-99,,,,,,,,,,,,,,INDIA.STATEMAHARASHTRADISTRICT-WIS,..,2159,1111,1048,..,..,..,..,..,..,..,..,..,,,,,,,,,,,,,
,1999-00,,,,,,,,,,,,,,INDIA.STATEMAHARASHTRADISTRICT-WIS,..,2141,1104,1060,..,..,..,..,..,..,..,..,..,,,,,,,,,,,,,
,2000-01,,,,,,,,,,,,,,INDIA.STATEMAHARASHTRADISTRICT-WIS,..,2004,1078,973,..,..,..,..,..,..,..,..,..,,,,,,,,,,,,,
LATUR,1998-99,,,,,,,,,,,,,,INDIA.STATEMAHARASHTRADISTRICT-WIS,..,2172,1106,..,..,..,..,..,..,..,..,..,..,,,,,,,,,,,,,
,1999-00,,,,,,,,,,,,,,INDIA.STATEMAHARASHTRADISTRICT-WIS,..,2232,1081,..,..,..,..,..,..,..,..,..,..,,,,,,,,,,,,,
,2000-01,,,,,,,,,,,,,,INDIA.STATEMAHARASHTRADISTRICT-WIS,..,2014,1060,..,..,..,..,..,..,..,..,..,..,,,,,,,,,,,,,
BULDHANA,1998-99,,,,,,,,,,,,,,INDIA.STATEMAHARASHTRADISTRICT-WIS,..,1999,..,..,..,..,..,..,..,..,2351,..,..,,,,,,,,,,,,,
,1999-00,,,,,,,,,,,,,,INDIA.STATEMAHARASHTRADISTRICT-WIS,..,2104,..,..,..,..,..,..,..,..,2412,..,..,,,,,,,,,,,,,
,2000-01,,,,,,,,,,,,,,INDIA.STATEMAHARASHTRADISTRICT-WIS,..,2032,..,..,..,..,..,..,..,..,2439,..,..,,,,,,,,,,,,,
AKOLA,1998-99,,,,,,,,,,,,,,INDIA.STATEMAHARASHTRADISTRICT-WIS,..,1980,1088,..,..,..,..,..,..,..,..,..,..,,,,,,,,,,,,,
,1999-00,,,,,,,,,,,,,,INDIA.STATEMAHARASHTRADISTRICT-WIS,..,2059,1105,..,..,..,..,..,..,..,..,..,..,,,,,,,,,,,,,
,2000-01,,,,,,,,,,,,,,INDIA.STATEMAHARASHTRADISTRICT-WIS,..,1981,1126,..,..,..,..,..,..,..,..,..,..,,,,,,,,,,,,,
AMRAWATI,1998-99,,,,,,,,,,,,,,INDIA.STATEMAHARASHTRADISTRICT-WIS,..,2010,1071,1010,..,..,..,..,..,..,2312,..,..,,,,,,,,,,,,,
,1999-00,,,,,,,,,,,,,,INDIA.STATEMAHARASHTRADISTRICT-WIS,..,2094,1093,1031,..,..,..,..,..,..,2372,..,..,,,,,,,,,,,,,
,2000-01,,,,,,,,,,,,,,INDIA.STATEMAHARASHTRADISTRICT-WIS,..,1996,1110,949,..,..,..,..,..,..,2411,..,..,,,,,,,,,,,,,
YEOTMAL,1998-99,,,,,,,,,,,,,,INDIA.STATEMAHARASHTRADISTRICT-WIS,..,2018,1065,..,..,..,..,..,..,..,2314,..,..,,,,,,,,,,,,,
,1999-00,,,,,,,,,,,,,,INDIA.STATEMAHARASHTRADISTRICT-WIS,..,2088,1089,..,..,..,..,..,..,..,2344,..,..,,,,,,,,,,,,,
,2000-01,,,,,,,,,,,,,,INDIA.STATEMAHARASHTRADISTRICT-WIS,..,1984,1082,..,..,..,..,..,..,..,2454,..,..,,,,,,,,,,,,,
WARDHA,1998-99,,,,,,,,,,,,,,INDIA.STATEMAHARASHTRADISTRICT-WIS,..,1918,1063,..,..,..,..,..,..,..,..,..,..,,,,,,,,,,,,,
,1999-00,,,,,,,,,,,,,,INDIA.STATEMAHARASHTRADISTRICT-WIS,..,2021,1089,..,..,..,..,..,..,..,..,..,..,,,,,,,,,,,,,
,2000-01,,,,,,,,,,,,,,INDIA.STATEMAHARASHTRADISTRICT-WIS,..,1952,1076,..,..,..,..,..,..,..,..,..,..,,,,,,,,,,,,,
NAGPUR,1998-99,,,,,,,,,,,,,,INDIA.STATEMAHARASHTRADISTRICT-WIS,..,1927,1057,..,..,..,..,..,..,..,2358,..,..,,,,,,,,,,,,,
,1999-00,,,,,,,,,,,,,,INDIA.STATEMAHARASHTRADISTRICT-WIS,..,2030,1049,..,..,..,..,..,..,..,2411,..,..,,,,,,,,,,,,,
,2000-01,,,,,,,,,,,,,,INDIA.STATEMAHARASHTRADISTRICT-WIS,..,1942,1043,..,..,..,..,..,..,..,2433,..,..,,,,,,,,,,,,,
BHANDARA,1998-99,,,,,,,,,,,,,,INDIA.STATEMAHARASHTRADISTRICT-WIS,..,1947,1061,..,..,..,..,..,..,..,2324,..,..,,,,,,,,,,,,,
,1999-00,,,,,,,,,,,,,,INDIA.STATEMAHARASHTRADISTRICT-WIS,..,2050,1068,..,..,..,..,..,..,..,2385,..,..,,,,,,,,,,,,,
,2000-01,,,,,,,,,,,,,,INDIA.STATEMAHARASHTRADISTRICT-WIS,..,1963,1047,..,..,..,..,..,..,..,2426,..,..,,,,,,,,,,,,,
CHANDRAPUR,1998-99,,,,,,,,,,,,,,INDIA.STATEMAHARASHTRADISTRICT-WIS,..,1959,1075,..,..,..,..,..,..,..,2286,..,..,,,,,,,,,,,,,
,1999-00,,,,,,,,,,,,,,INDIA.STATEMAHARASHTRADISTRICT-WIS,..,2067,1105,..,..,..,..,..,..,..,2363,..,..,,,,,,,,,,,,,
,2000-01,,,,,,,,,,,,,,INDIA.STATEMAHARASHTRADISTRICT-WIS,..,1962,1081,..,..,..,..,..,..,..,2386,..,..,,,,,,,,,,,,,
GADCHIROLI,1998-99,,,,,,,,,,,,,,INDIA.STATEMAHARASHTRADISTRICT-WIS,..,1953,1073,..,..,..,..,..,..,..,2293,..,..,,,,,,,,,,,,,
,1999-00,,,,,,,,,,,,,,INDIA.STATEMAHARASHTRADISTRICT-WIS,..,2108,1088,..,..,..,..,..,..,..,..,..,..,,,,,,,,,,,,,
,2000-01,,,,,,,,,,,,,,INDIA.STATEMAHARASHTRADISTRICT-WIS,..,1978,1075,..,..,..,..,..,..,..,2394,..,..,,,,,,,,,,,,,
NANDURBAR,1998-99,,,,,,,,,,,,,,INDIA.STATEMAHARASHTRADISTRICT-WIS,..,..,..,..,..,..,..,..,..,..,..,..,..,,,,,,,,,,,,,
,1999-00,,,,,,,,,,,,,,INDIA.STATEMAHARASHTRADISTRICT-WIS,..,..,..,..,..,..,..,..,..,..,..,..,..,,,,,,,,,,,,,
,2000-01,,,,,,,,,,,,,,INDIA.STATEMAHARASHTRADISTRICT-WIS,..,1897,..,..,..,..,..,..,..,..,2537,..,..,,,,,,,,,,,,,
GONDIYA,1998-99,,,,,,,,,,,,,,INDIA.STATEMAHARASHTRADISTRICT-WIS,..,..,..,..,..,..,..,..,..,..,..,..,..,,,,,,,,,,,,,
,1999-00,,,,,,,,,,,,,,INDIA.STATEMAHARASHTRADISTRICT-WIS,..,..,..,..,..,..,..,..,..,..,..,..,..,,,,,,,,,,,,,
,2000-01,,,,,,,,,,,,,,INDIA.STATEMAHARASHTRADISTRICT-WIS,..,1948,1062,..,..,..,..,..,..,..,2409,..,..,,,,,,,,,,,,,
HINGOLI,1998-99,,,,,,,,,,,,,,INDIA.STATEMAHARASHTRADISTRICT-WIS,..,..,..,..,..,..,..,..,..,..,..,..,..,,,,,,,,,,,,,
,1999-00,,,,,,,,,,,,,,INDIA.STATEMAHARASHTRADISTRICT-WIS,..,..,..,..,..,..,..,..,..,..,..,..,..,,,,,,,,,,,,,
,2000-01,,,,,,,,,,,,,,INDIA.STATEMAHARASHTRADISTRICT-WIS,..,2078,1136,..,..,..,..,..,..,..,..,..,..,,,,,,,,,,,,,
WASHIM,1998-99,,,,,,,,,,,,,,INDIA.STATEMAHARASHTRADISTRICT-WIS,..,..,..,..,..,..,..,..,..,..,..,..,..,,,,,,,,,,,,,
,1999-00,,,,,,,,,,,,,,INDIA.STATEMAHARASHTRADISTRICT-WIS,..,..,..,..,..,..,..,..,..,..,..,..,..,,,,,,,,,,,,,
,2000-01,,,,,,,,,,,,,,INDIA.STATEMAHARASHTRADISTRICT-WIS,..,1979,1121,..,..,..,..,..,..,..,..,..,..,,,,,,,,,,,,,
MAHARASHTRA,1998-99,,,,,,,,,,,,,,INDIA.STATEMAHARASHTRADISTRICT-WIS,..,1983,1406,980,..,1511,..,..,..,..,2576,..,..,,,,,,,,,,,,,
(S.W.Average),1999-00,,,,,,,,,,,,,,INDIA.STATEMAHARASHTRADISTRICT-WIS,..,2159,1091,1007,..,1994,..,..,..,..,2598,..,..,,,,,,,,,,,,,
,2000-01,,,,,,,,,,,,,,INDIA.STATEMAHARASHTRADISTRICT-WIS,..,1994,1074,952,..,1996,..,..,..,..,2580,..,..,,,,,,,,,,,,,
MANIPUR,1998-99,633,..,..,428,..,..,..,..,..,248,673,..,..,INDIA.STATEMANIPURDISTRICT-WISE(Co,,,,,,,,,,,,,,,,,,,,,,,,,,
,,643,..,..,..,..,..,..,..,..,..,..,..,..,INDIA.STATEMANIPURDISTRICT-WISE(Co,,,,,,,,,,,,,,,,,,,,,,,,,,
,1999-00,701,..,..,408,..,..,..,..,..,246,603,..,..,INDIA.STATEMANIPURDISTRICT-WISE(Co,,,,,,,,,,,,,,,,,,,,,,,,,,
,,649,..,..,..,..,..,..,..,..,..,..,..,..,INDIA.STATEMANIPURDISTRICT-WISE(Co,,,,,,,,,,,,,,,,,,,,,,,,,,
,2000-01,516,..,..,495,..,..,..,..,..,200,600,..,..,INDIA.STATEMANIPURDISTRICT-WISE(Co,,,,,,,,,,,,,,,,,,,,,,,,,,
,,530,..,..,..,..,..,..,..,..,..,..,..,..,INDIA.STATEMANIPURDISTRICT-WISE(Co,,,,,,,,,,,,,,,,,,,,,,,,,,
MANIPUR,1997-98,633,..,..,428,..,..,..,..,..,248,673,..,..,INDIA.STATEMANIPURDISTRICT-WISE(Co,,,,,,,,,,,,,,,,,,,,,,,,,,
(State Weighted,,643,..,..,..,..,..,..,..,..,..,..,..,..,INDIA.STATEMANIPURDISTRICT-WISE(Co,,,,,,,,,,,,,,,,,,,,,,,,,,
Average),1998-99,701,..,..,408,..,..,..,..,..,246,603,..,..,INDIA.STATEMANIPURDISTRICT-WISE(Co,,,,,,,,,,,,,,,,,,,,,,,,,,
,,649,..,..,..,..,..,..,..,..,..,..,..,..,INDIA.STATEMANIPURDISTRICT-WISE(Co,,,,,,,,,,,,,,,,,,,,,,,,,,
,2000-01,516,..,..,495,..,..,..,..,..,200,600,..,..,INDIA.STATEMANIPURDISTRICT-WISE(Co,,,,,,,,,,,,,,,,,,,,,,,,,,
,,530,..,..,..,..,..,..,..,..,..,..,..,..,INDIA.STATEMANIPURDISTRICT-WISE(Co,,,,,,,,,,,,,,,,,,,,,,,,,,
MANIPUR,1998-99,,,,,,,,,,,,,,INDIA.STATEMANIPURDISTRICT-WISE(Co,1285,..,..,..,..,..,..,..,..,492,7757,..,..,,,,,,,,,,,,,
,1999-00,,,,,,,,,,,,,,INDIA.STATEMANIPURDISTRICT-WISE(Co,843,..,..,..,..,..,..,..,..,795,13553,..,..,,,,,,,,,,,,,
,2000-01,,,,,,,,,,,,,,INDIA.STATEMANIPURDISTRICT-WISE(Co,..,..,..,..,..,..,..,..,..,668,..,..,..,,,,,,,,,,,,,
MANIPUR,1998-99,,,,,,,,,,,,,,INDIA.STATEMANIPURDISTRICT-WISE(Co,1285,..,..,..,..,..,..,..,..,492,7757,..,..,,,,,,,,,,,,,
(State weighted,1999-00,,,,,,,,,,,,,,INDIA.STATEMANIPURDISTRICT-WISE(Co,843,..,..,..,..,..,..,..,..,795,13553,..,..,,,,,,,,,,,,,
Average),2000-01,,,,,,,,,,,,,,INDIA.STATEMANIPURDISTRICT-WISE(Co,..,..,..,..,..,..,..,..,..,668,..,..,..,,,,,,,,,,,,,
RAIPUR,1998-99,463,..,..,..,..,550,..,1043,1500,..,..,..,2200,INDIA.STATEMADHYAPRADESHDISTRICT-W,,,,,,,,,,,,,,,,,,,,,,,,,,
,,761r,..,..,..,..,..,..,..,..,..,..,..,..,INDIA.STATEMADHYAPRADESHDISTRICT-W,,,,,,,,,,,,,,,,,,,,,,,,,,
,1999-00,513,..,..,..,..,753,..,1382,1671,..,..,..,1694,INDIA.STATEMADHYAPRADESHDISTRICT-W,,,,,,,,,,,,,,,,,,,,,,,,,,
,,822r,..,..,..,..,..,..,..,..,..,..,..,..,INDIA.STATEMADHYAPRADESHDISTRICT-W,,,,,,,,,,,,,,,,,,,,,,,,,,
DURG,1998-99,452,..,..,..,..,606,..,1065,1296,..,..,3688,..,INDIA.STATEMADHYAPRADESHDISTRICT-W,,,,,,,,,,,,,,,,,,,,,,,,,,
,,719r,..,..,..,..,..,..,..,..,..,..,..,..,INDIA.STATEMADHYAPRADESHDISTRICT-W,,,,,,,,,,,,,,,,,,,,,,,,,,
,1999-00,506,..,..,..,..,776,..,1239,1400,..,..,4077,..,INDIA.STATEMADHYAPRADESHDISTRICT-W,,,,,,,,,,,,,,,,,,,,,,,,,,
,,909r,..,..,..,..,..,..,..,..,..,..,..,..,INDIA.STATEMADHYAPRADESHDISTRICT-W,,,,,,,,,,,,,,,,,,,,,,,,,,
RAJNANDGAON,1998-99,463,..,..,..,..,816,..,1200,1300,..,..,3292,..,INDIA.STATEMADHYAPRADESHDISTRICT-W,,,,,,,,,,,,,,,,,,,,,,,,,,
,,808r,..,..,..,..,..,..,..,..,..,..,..,..,INDIA.STATEMADHYAPRADESHDISTRICT-W,,,,,,,,,,,,,,,,,,,,,,,,,,
,1999-00,501,..,..,..,..,755,..,1300,..,..,..,4250,..,INDIA.STATEMADHYAPRADESHDISTRICT-W,,,,,,,,,,,,,,,,,,,,,,,,,,
BASTER,1998-99,416,417,..,331,535,805,..,1582,..,1290,..,3769,..,INDIA.STATEMADHYAPRADESHDISTRICT-W,,,,,,,,,,,,,,,,,,,,,,,,,,
,,830r,..,..,..,..,..,..,..,..,..,..,..,..,INDIA.STATEMADHYAPRADESHDISTRICT-W,,,,,,,,,,,,,,,,,,,,,,,,,,
,1999-00,458,492,..,405,628,838,..,1466,..,1236,..,3428,..,INDIA.STATEMADHYAPRADESHDISTRICT-W,,,,,,,,,,,,,,,,,,,,,,,,,,
,,961r,..,..,..,..,..,..,..,..,..,..,..,..,INDIA.STATEMADHYAPRADESHDISTRICT-W,,,,,,,,,,,,,,,,,,,,,,,,,,
BILASPUR,1998-99,474,..,..,519,..,582,..,1145,1657,1285,..,3799,..,INDIA.STATEMADHYAPRADESHDISTRICT-W,,,,,,,,,,,,,,,,,,,,,,,,,,
,,849r,..,..,..,..,..,..,..,..,..,..,..,..,INDIA.STATEMADHYAPRADESHDISTRICT-W,,,,,,,,,,,,,,,,,,,,,,,,,,
,1999-00,510,..,..,487,..,775,..,1230,1453,1172,..,4158,..,INDIA.STATEMADHYAPRADESHDISTRICT-W,,,,,,,,,,,,,,,,,,,,,,,,,,
,,844r,..,..,..,..,..,. .,..,..,..,..,..,..,INDIA.STATEMADHYAPRADESHDISTRICT-W,,,,,,,,,,,,,,,,,,,,,,,,,,
SARGUJA,1998-99,387,500,..,436,250,625,449,1198,..,..,547,3690,1409,INDIA.STATEMADHYAPRADESHDISTRICT-W,,,,,,,,,,,,,,,,,,,,,,,,,,
,,725r,..,..,..,..,..,..,..,..,..,..,..,..,INDIA.STATEMADHYAPRADESHDISTRICT-W,,,,,,,,,,,,,,,,,,,,,,,,,,
,1999-00,340,525,..,425,300,707,567,1437,1496,..,355,3280,1272,INDIA.STATEMADHYAPRADESHDISTRICT-W,,,,,,,,,,,,,,,,,,,,,,,,,,
,,829r,..,..,..,..,..,..,..,..,..,..,..,..,INDIA.STATEMADHYAPRADESHDISTRICT-W,,,,,,,,,,,,,,,,,,,,,,,,,,
RAIGARH,1998-99,777r,..,..,448,1000,798,..,1321,1666,1491,434,3263,1497,INDIA.STATEMADHYAPRADESHDISTRICT-W,,,,,,,,,,,,,,,,,,,,,,,,,,
,1999-00,483,..,..,655,1000,864,..,..,1472,1386,434,3955,1303,INDIA.STATEMADHYAPRADESHDISTRICT-W,,,,,,,,,,,,,,,,,,,,,,,,,,
,,942r,..,..,..,..,..,..,..,..,..,..,..,..,INDIA.STATEMADHYAPRADESHDISTRICT-W,,,,,,,,,,,,,,,,,,,,,,,,,,
JABALPUR,1998-99,853r,494,..,439,..,589,..,1002,1358,..,..,..,..,INDIA.STATEMADHYAPRADESHDISTRICT-W,,,,,,,,,,,,,,,,,,,,,,,,,,
,1999-00,868r,495,..,503,..,668,..,1168,1189,..,..,..,..,INDIA.STATEMADHYAPRADESHDISTRICT-W,,,,,,,,,,,,,,,,,,,,,,,,,,
,2000-01,469,437,..,423,..,551,..,1523,1386,..,..,..,..,INDIA.STATEMADHYAPRADESHDISTRICT-W,,,,,,,,,,,,,,,,,,,,,,,,,,
,,845r,..,..,..,..,..,..,..,..,..,..,..,..,INDIA.STATEMADHYAPRADESHDISTRICT-W,,,,,,,,,,,,,,,,,,,,,,,,,,
BALAGHAT,1998-99,460,..,..,750,..,680,..,1209,..,1222,..,..,..,INDIA.STATEMADHYAPRADESHDISTRICT-W,,,,,,,,,,,,,,,,,,,,,,,,,,
,,561r,..,..,..,..,..,..,..,..,..,..,..,..,INDIA.STATEMADHYAPRADESHDISTRICT-W,,,,,,,,,,,,,,,,,,,,,,,,,,
,1999-00,474,..,..,398,350,756,..,1258,..,956,..,..,..,INDIA.STATEMADHYAPRADESHDISTRICT-W,,,,,,,,,,,,,,,,,,,,,,,,,,
,,850r,..,..,..,..,..,..,..,..,..,..,..,..,INDIA.STATEMADHYAPRADESHDISTRICT-W,,,,,,,,,,,,,,,,,,,,,,,,,,
,2000-01,446,..,..,250,..,747,..,1304,..,1069,..,..,..,INDIA.STATEMADHYAPRADESHDISTRICT-W,,,,,,,,,,,,,,,,,,,,,,,,,,
CHHINDWARA,1998-99,933r,478,..,519,..,569,..,956,1269,906,352,..,1346,INDIA.STATEMADHYAPRADESHDISTRICT-W,,,,,,,,,,,,,,,,,,,,,,,,,,
,1999-00,1033r,..,..,498,750,..,..,..,..,1047,..,..,1393,INDIA.STATEMADHYAPRADESHDISTRICT-W,,,,,,,,,,,,,,,,,,,,,,,,,,
,2000-01,488,..,..,394,..,616,..,..,..,903,..,..,1498,INDIA.STATEMADHYAPRADESHDISTRICT-W,,,,,,,,,,,,,,,,,,,,,,,,,,
,,939r,..,..,..,..,..,..,..,..,..,..,..,..,INDIA.STATEMADHYAPRADESHDISTRICT-W,,,,,,,,,,,,,,,,,,,,,,,,,,
SHIVANI,1998-99,443,491,..,385,..,590,..,931,1314,1147,350,..,1399,INDIA.STATEMADHYAPRADESHDISTRICT-W,,,,,,,,,,,,,,,,,,,,,,,,,,
,,787r,..,..,..,..,..,..,..,..,..,..,..,..,INDIA.STATEMADHYAPRADESHDISTRICT-W,,,,,,,,,,,,,,,,,,,,,,,,,,
,1999-00,474,524,..,475,..,636,..,1091,1282,1195,273,..,1084,INDIA.STATEMADHYAPRADESHDISTRICT-W,,,,,,,,,,,,,,,,,,,,,,,,,,
,,844r,..,..,..,..,..,..,..,..,..,..,..,..,INDIA.STATEMADHYAPRADESHDISTRICT-W,,,,,,,,,,,,,,,,,,,,,,,,,,
,2000-00,503,502,..,404,..,605,..,1496,1232,978,443,..,1395,INDIA.STATEMADHYAPRADESHDISTRICT-W,,,,,,,,,,,,,,,,,,,,,,,,,,
,,882r,..,..,..,..,..,..,..,..,..,..,..,..,INDIA.STATEMADHYAPRADESHDISTRICT-W,,,,,,,,,,,,,,,,,,,,,,,,,,
MANDLA,1998-99,420,..,..,401,..,627,..,990,1213,..,422,1779,..,INDIA.STATEMADHYAPRADESHDISTRICT-W,,,,,,,,,,,,,,,,,,,,,,,,,,
,,973r,..,..,..,..,..,..,..,..,..,..,..,..,INDIA.STATEMADHYAPRADESHDISTRICT-W,,,,,,,,,,,,,,,,,,,,,,,,,,
,1999-00,482,..,..,419,..,679,..,1080,1225,..,625,..,..,INDIA.STATEMADHYAPRADESHDISTRICT-W,,,,,,,,,,,,,,,,,,,,,,,,,,
,,908r,..,..,..,..,..,..,..,..,..,..,..,..,INDIA.STATEMADHYAPRADESHDISTRICT-W,,,,,,,,,,,,,,,,,,,,,,,,,,
,2000-01,428,..,..,..,..,673,..,1308,1262,..,387,1533,..,INDIA.STATEMADHYAPRADESHDISTRICT-W,,,,,,,,,,,,,,,,,,,,,,,,,,
,,967r,..,..,..,..,..,..,..,..,..,..,..,..,INDIA.STATEMADHYAPRADESHDISTRICT-W,,,,,,,,,,,,,,,,,,,,,,,,,,
KARIMNAGAR,1998-99,,,,,,,,,,,,,,INDIA.STATEANDHRAPRADESHDISTRICT-W,..,2021,..,1334,..,2062,..,..,..,..,2997,1663,..,,,,,,,,,,,,,
,1999-00,,,,,,,,,,,,,,INDIA.STATEANDHRAPRADESHDISTRICT-W,..,1904,..,..,..,1883,..,..,..,..,2203,1490,..,,,,,,,,,,,,,
,2000-01,,,,,,,,,,,,,,INDIA.STATEANDHRAPRADESHDISTRICT-W,..,1627,..,976,..,2138,..,..,..,..,2378,839,..,,,,,,,,,,,,,
WARANGAL,1998-99,,,,,,,,,,,,,,INDIA.STATEANDHRAPRADESHDISTRICT-W,..,1930,..,1334,..,1981,..,..,..,..,3496,1947,718,,,,,,,,,,,,,
,1999-00,,,,,,,,,,,,,,INDIA.STATEANDHRAPRADESHDISTRICT-W,..,1890,..,..,..,1925,..,..,..,..,2203,1490,..,,,,,,,,,,,,,
,2000-01,,,,,,,,,,,,,,INDIA.STATEANDHRAPRADESHDISTRICT-W,..,1461,..,976,..,2409,..,..,..,..,2378,839,..,,,,,,,,,,,,,
KHAMMAY,1998-99,,,,,,,,,,,,,,INDIA.STATEANDHRAPRADESHDISTRICT-W,..,1983,..,1334,..,1888,..,..,..,..,3176,1805,718,,,,,,,,,,,,,
,1999-99,,,,,,,,,,,,,,INDIA.STATEANDHRAPRADESHDISTRICT-W,..,1959,..,..,..,1841,..,..,..,..,2268,1490,..,,,,,,,,,,,,,
,2000-01,,,,,,,,,,,,,,INDIA.STATEANDHRAPRADESHDISTRICT-W,..,1461,..,976,..,2283,..,..,..,..,2313,839,701,,,,,,,,,,,,,
NALGONDA,1998-99,,,,,,,,,,,,,,INDIA.STATEANDHRAPRADESHDISTRICT-W,..,1836,..,1384,..,2050,..,..,..,..,3101,1805,718,,,,,,,,,,,,,
,1999-00,,,,,,,,,,,,,,INDIA.STATEANDHRAPRADESHDISTRICT-W,..,1946,..,..,..,1841,..,..,..,..,2268,1490,824,,,,,,,,,,,,,
,2000-01,,,,,,,,,,,,,,INDIA.STATEANDHRAPRADESHDISTRICT-W,..,1331,..,976,..,2148,..,..,..,..,2313,839,701,,,,,,,,,,,,,
A PRADESH,1998-99,,,,,,,,,,,,,,INDIA.STATEANDHRAPRADESHDISTRICT-W,..,1834,..,1320,..,1987,..,..,..,..,3359,1911,721,,,,,,,,,,,,,
(State Weighted,1999-00,,,,,,,,,,,,,,INDIA.STATEANDHRAPRADESHDISTRICT-W,..,1731,..,1206,..,1902,..,..,..,..,2509,1889,822,,,,,,,,,,,,,
average),2000-01,,,,,,,,,,,,,,INDIA.STATEANDHRAPRADESHDISTRICT-W,..,1425,..,1028,..,2140,..,..,..,..,2346,1112,701,,,,,,,,,,,,,
NARSINGHPUR,1998-99,922r,487,..,..,..,611,..,1042,1424,1004,345,..,..,INDIA.STATEMADHYAPRADESHDISTRICT-W,,,,,,,,,,,,,,,,,,,,,,,,,,
,1999-00,886r,584,..,..,..,606,..,1308,..,773,200,..,..,INDIA.STATEMADHYAPRADESHDISTRICT-W,,,,,,,,,,,,,,,,,,,,,,,,,,
,2000-01,945r,589,..,..,..,591,..,1537,1296,823,335,..,..,INDIA.STATEMADHYAPRADESHDISTRICT-W,,,,,,,,,,,,,,,,,,,,,,,,,,
SAGAR,1998-99,914r,498,..,..,..,557,..,1066,..,..,338,..,1345,INDIA.STATEMADHYAPRADESHDISTRICT-W,,,,,,,,,,,,,,,,,,,,,,,,,,
,1999-00,947r,548,..,..,..,688,..,1178,1300,..,325,..,1104,INDIA.STATEMADHYAPRADESHDISTRICT-W,,,,,,,,,,,,,,,,,,,,,,,,,,
,2000-01,916r,526,..,596,..,593,..,1577,1238,..,406,..,1291,INDIA.STATEMADHYAPRADESHDISTRICT-W,,,,,,,,,,,,,,,,,,,,,,,,,,
DAMOH,1998-99,799r,469,..,833,..,626,..,987,..,..,389,..,1334,INDIA.STATEMADHYAPRADESHDISTRICT-W,,,,,,,,,,,,,,,,,,,,,,,,,,
,1999-00,920r,567,..,..,..,688,..,1071,..,..,292,..,1035,INDIA.STATEMADHYAPRADESHDISTRICT-W,,,,,,,,,,,,,,,,,,,,,,,,,,
,2000-01,892r,478,..,..,..,603,..,1482,1125,..,432,..,1145,INDIA.STATEMADHYAPRADESHDISTRICT-W,,,,,,,,,,,,,,,,,,,,,,,,,,
PANNA,1998-99,353,439,..,..,..,580,479,1016,1870,1180,302,..,..,INDIA.STATEMADHYAPRADESHDISTRICT-W,,,,,,,,,,,,,,,,,,,,,,,,,,
,,742r,..,..,..,..,..,..,..,..,..,..,..,..,INDIA.STATEMADHYAPRADESHDISTRICT-W,,,,,,,,,,,,,,,,,,,,,,,,,,
,1999-00,394,489,..,..,..,726,625,1135,1888,1105,219,..,..,INDIA.STATEMADHYAPRADESHDISTRICT-W,,,,,,,,,,,,,,,,,,,,,,,,,,
,,833r,..,..,..,..,..,..,..,..,..,..,..,..,INDIA.STATEMADHYAPRADESHDISTRICT-W,,,,,,,,,,,,,,,,,,,,,,,,,,
,2000-01,429,532,..,417,..,623,562,1470,1291,1088,366,..,..,INDIA.STATEMADHYAPRADESHDISTRICT-W,,,,,,,,,,,,,,,,,,,,,,,,,,
,,825r,..,..,..,..,..,..,..,..,..,..,..,..,INDIA.STATEMADHYAPRADESHDISTRICT-W,,,,,,,,,,,,,,,,,,,,,,,,,,
TIKAMGARH,1998-99,532,601,..,1000,..,496,431,1044,..,1186,359,3979,..,INDIA.STATEMADHYAPRADESHDISTRICT-W,,,,,,,,,,,,,,,,,,,,,,,,,,
,,845r,..,..,..,..,..,..,..,..,..,..,..,..,INDIA.STATEMADHYAPRADESHDISTRICT-W,,,,,,,,,,,,,,,,,,,,,,,,,,
,1999-00,640,514,..,940,..,588,491,1050,..,1167,224,3867,..,INDIA.STATEMADHYAPRADESHDISTRICT-W,,,,,,,,,,,,,,,,,,,,,,,,,,
,,872r,..,..,..,..,..,..,..,..,..,..,..,..,INDIA.STATEMADHYAPRADESHDISTRICT-W,,,,,,,,,,,,,,,,,,,,,,,,,,
,2000-01,616,537,..,627,..,566,461,1496,..,1119,372,..,..,INDIA.STATEMADHYAPRADESHDISTRICT-W,,,,,,,,,,,,,,,,,,,,,,,,,,
,,904r,..,..,..,..,..,..,..,..,..,..,..,..,INDIA.STATEMADHYAPRADESHDISTRICT-W,,,,,,,,,,,,,,,,,,,,,,,,,,
CHHATARPUR,1998-99,867r,556,..,..,..,584,508,1056,1497,..,318,3943,..,INDIA.STATEMADHYAPRADESHDISTRICT-W,,,,,,,,,,,,,,,,,,,,,,,,,,
,1999-00,800,548,..,..,..,648,570,1144,1835,..,216,3335,..,INDIA.STATEMADHYAPRADESHDISTRICT-W,,,,,,,,,,,,,,,,,,,,,,,,,,
,,1071r,..,..,..,..,..,..,..,..,..,..,..,..,INDIA.STATEMADHYAPRADESHDISTRICT-W,,,,,,,,,,,,,,,,,,,,,,,,,,
,2000-01,1017r,442,..,..,..,600,515,1545,..,..,406,3088,..,INDIA.STATEMADHYAPRADESHDISTRICT-W,,,,,,,,,,,,,,,,,,,,,,,,,,
REWA,1998-99,760,..,..,..,..,..,..,..,..,..,..,..,..,INDIA.STATEMADHYAPRADESHDISTRICT-W,,,,,,,,,,,,,,,,,,,,,,,,,,
,,761r,..,..,..,..,650,..,1300,..,..,300,..,..,INDIA.STATEMADHYAPRADESHDISTRICT-W,,,,,,,,,,,,,,,,,,,,,,,,,,
,1999-00,500,..,..,..,..,755,..,1350,..,..,250,..,..,INDIA.STATEMADHYAPRADESHDISTRICT-W,,,,,,,,,,,,,,,,,,,,,,,,,,
,,800r,..,..,..,..,..,..,..,..,..,..,..,..,INDIA.STATEMADHYAPRADESHDISTRICT-W,,,,,,,,,,,,,,,,,,,,,,,,,,
,2000-01,800r,..,..,..,..,700,..,1304,..,..,400,..,..,INDIA.STATEMADHYAPRADESHDISTRICT-W,,,,,,,,,,,,,,,,,,,,,,,,,,
SIDHI,1998-99,700r,464,..,435,..,548,431,990,1520,..,398,4000,..,INDIA.STATEMADHYAPRADESHDISTRICT-W,,,,,,,,,,,,,,,,,,,,,,,,,,
,1999-00,978r,357,..,441,..,659,635,1057,1574,..,313,4000,..,INDIA.STATEMADHYAPRADESHDISTRICT-W,,,,,,,,,,,,,,,,,,,,,,,,,,
,2000-01,420,400,..,437,..,547,667,1250,..,..,400,4000,..,INDIA.STATEMADHYAPRADESHDISTRICT-W,,,,,,,,,,,,,,,,,,,,,,,,,,
,,900r,..,..,..,..,..,..,..,..,..,..,..,..,INDIA.STATEMADHYAPRADESHDISTRICT-W,,,,,,,,,,,,,,,,,,,,,,,,,,
SATNA,1998-99,927r,613,..,..,..,634,445,1080,..,..,300,3638,..,INDIA.STATEMADHYAPRADESHDISTRICT-W,,,,,,,,,,,,,,,,,,,,,,,,,,
,1999-00,950r,457,..,..,..,677,543,1133,..,..,310,3900,..,INDIA.STATEMADHYAPRADESHDISTRICT-W,,,,,,,,,,,,,,,,,,,,,,,,,,
,2000-01,500,617,..,..,..,649,495,1549,..,..,332,..,..,INDIA.STATEMADHYAPRADESHDISTRICT-W,,,,,,,,,,,,,,,,,,,,,,,,,,
,,899r,..,..,..,..,..,..,..,..,..,..,..,..,INDIA.STATEMADHYAPRADESHDISTRICT-W,,,,,,,,,,,,,,,,,,,,,,,,,,
SHAHDOL,1998-99,638,..,..,400,..,700,500,940,..,..,356,..,..,INDIA.STATEMADHYAPRADESHDISTRICT-W,,,,,,,,,,,,,,,,,,,,,,,,,,
,1999-00,800r,..,..,483,..,748,500,1400,..,..,300,..,..,INDIA.STATEMADHYAPRADESHDISTRICT-W,,,,,,,,,,,,,,,,,,,,,,,,,,
,2000-01,800,..,..,500,..,708,..,1750,1500,..,438,4000,..,INDIA.STATEMADHYAPRADESHDISTRICT-W,,,,,,,,,,,,,,,,,,,,,,,,,,
,,867r,..,..,..,..,..,..,..,..,..,..,..,..,INDIA.STATEMADHYAPRADESHDISTRICT-W,,,,,,,,,,,,,,,,,,,,,,,,,,
INDORE,1998-99,1300r,525,..,474,..,571,..,963,1615,1366,411,2837,1743,INDIA.STATEMADHYAPRADESHDISTRICT-W,,,,,,,,,,,,,,,,,,,,,,,,,,
,1999-00,1176r,750,..,632,..,631,..,1158,..,1345,..,3248,2100,INDIA.STATEMADHYAPRADESHDISTRICT-W,,,,,,,,,,,,,,,,,,,,,,,,,,
,2000-01,667r,614,..,566,..,702,..,1461,..,1238,428,3056,1107,INDIA.STATEMADHYAPRADESHDISTRICT-W,,,,,,,,,,,,,,,,,,,,,,,,,,
DHAR,1998-99,757r,500,447,532,..,567,..,976,1795,1291,..,2538,1307,INDIA.STATEMADHYAPRADESHDISTRICT-W,,,,,,,,,,,,,,,,,,,,,,,,,,
,1999-00,..,430,427,508,..,659,..,1209,1682,1234,..,2517,1187,INDIA.STATEMADHYAPRADESHDISTRICT-W,,,,,,,,,,,,,,,,,,,,,,,,,,
,2000-01,1100r,515,558,482,..,700,..,1552,..,1167,..,3400,1318,INDIA.STATEMADHYAPRADESHDISTRICT-W,,,,,,,,,,,,,,,,,,,,,,,,,,
JHABUA,1998-99,658r,400,407,467,..,591,..,1030,1337,..,..,..,1293,INDIA.STATEMADHYAPRADESHDISTRICT-W,,,,,,,,,,,,,,,,,,,,,,,,,,
,1999-00,367,375,550,726,..,816,..,1342,..,..,..,..,1304,INDIA.STATEMADHYAPRADESHDISTRICT-W,,,,,,,,,,,,,,,,,,,,,,,,,,
,2000-01,400,459,476,545,..,745,..,1628,..,..,..,..,1571,INDIA.STATEMADHYAPRADESHDISTRICT-W,,,,,,,,,,,,,,,,,,,,,,,,,,
KHARGAON,1998-99,496,461,438,564,..,563,..,1067,1606,1301,..,1750,1467,INDIA.STATEMADHYAPRADESHDISTRICT-W,,,,,,,,,,,,,,,,,,,,,,,,,,
,,955r,..,..,..,..,..,..,..,..,..,..,..,..,INDIA.STATEMADHYAPRADESHDISTRICT-W,,,,,,,,,,,,,,,,,,,,,,,,,,
,1999-00,790,545,750,597,..,651,..,1358,1508,1081,..,1959,1354,INDIA.STATEMADHYAPRADESHDISTRICT-W,,,,,,,,,,,,,,,,,,,,,,,,,,
,2000-01,820r,538,666,472,..,682,..,1564,1377,1041,..,3036,1404,INDIA.STATEMADHYAPRADESHDISTRICT-W,,,,,,,,,,,,,,,,,,,,,,,,,,
KHANDWA,1998-99,749r,497,894,411,..,601,..,964,1310,..,..,..,1480,INDIA.STATEMADHYAPRADESHDISTRICT-W,,,,,,,,,,,,,,,,,,,,,,,,,,
,1999-00,906r,518,620,461,..,619,..,1155,1374,..,..,..,1457,INDIA.STATEMADHYAPRADESHDISTRICT-W,,,,,,,,,,,,,,,,,,,,,,,,,,
,2000-01,916r,490,538,506,..,654,..,1576,1359,..,..,..,1415,INDIA.STATEMADHYAPRADESHDISTRICT-W,,,,,,,,,,,,,,,,,,,,,,,,,,
UJJAIN,1998-99,..,646,662,515,..,561,..,1071,1647,..,..,..,1397,INDIA.STATEMADHYAPRADESHDISTRICT-W,,,,,,,,,,,,,,,,,,,,,,,,,,
,1999-00,..,670,607,587,..,633,..,1152,1544,..,..,..,1337,INDIA.STATEMADHYAPRADESHDISTRICT-W,,,,,,,,,,,,,,,,,,,,,,,,,,
,2000-01,..,697,749,483,..,712,..,1616,1623,..,..,..,1629,INDIA.STATEMADHYAPRADESHDISTRICT-W,,,,,,,,,,,,,,,,,,,,,,,,,,
MANDSAUR,1998-99,..,657,493,424,..,573,539,995,1570,1028,..,..,1356,INDIA.STATEMADHYAPRADESHDISTRICT-W,,,,,,,,,,,,,,,,,,,,,,,,,,
,1999-00,..,710,749,449,..,655,478,1115,1510,1187,..,..,1387,INDIA.STATEMADHYAPRADESHDISTRICT-W,,,,,,,,,,,,,,,,,,,,,,,,,,
,2000-01,..,620,681,524,..,635,500,1569,1651,1158,..,..,1611,INDIA.STATEMADHYAPRADESHDISTRICT-W,,,,,,,,,,,,,,,,,,,,,,,,,,
RATLAM,1998-99,800,560,..,490,..,602,..,918,1280,1304,..,..,1310,INDIA.STATEMADHYAPRADESHDISTRICT-W,,,,,,,,,,,,,,,,,,,,,,,,,,
,1999-00,..,..,400,450,..,739,..,1142,..,1341,..,..,1330,INDIA.STATEMADHYAPRADESHDISTRICT-W,,,,,,,,,,,,,,,,,,,,,,,,,,
,2000-01,1575r,..,..,460,..,784,..,1532,..,1181,..,..,..,INDIA.STATEMADHYAPRADESHDISTRICT-W,,,,,,,,,,,,,,,,,,,,,,,,,,
DEWAS,1998-99,894r,488,..,450,..,575,..,929,1489,1149,383,..,1936,INDIA.STATEMADHYAPRADESHDISTRICT-W,,,,,,,,,,,,,,,,,,,,,,,,,,
,1999-00,800,505,..,532,..,662,..,1158,1508,1057,328,..,1666,INDIA.STATEMADHYAPRADESHDISTRICT-W,,,,,,,,,,,,,,,,,,,,,,,,,,
,,975r,..,..,..,..,..,..,..,..,..,..,..,..,INDIA.STATEMADHYAPRADESHDISTRICT-W,,,,,,,,,,,,,,,,,,,,,,,,,,
,2000-01,840r,544,..,479,..,674,..,1597,1430,1091,489,..,1110,INDIA.STATEMADHYAPRADESHDISTRICT-W,,,,,,,,,,,,,,,,,,,,,,,,,,
SHAJAPUR,1998-99,..,636,..,415,..,606,..,954,1820,1220,..,..,1553,INDIA.STATEMADHYAPRADESHDISTRICT-W,,,,,,,,,,,,,,,,,,,,,,,,,,
,1999-00,..,736,..,584,..,634,..,1187,1556,1100,..,..,1451,INDIA.STATEMADHYAPRADESHDISTRICT-W,,,,,,,,,,,,,,,,,,,,,,,,,,
,2000-01,..,646,..,403,..,671,..,1603,1673,1085,..,..,1353,INDIA.STATEMADHYAPRADESHDISTRICT-W,,,,,,,,,,,,,,,,,,,,,,,,,,
MORENA,1998-99,813r,382,370,..,..,590,544,1088,2405,942,215,..,1334,INDIA.STATEMADHYAPRADESHDISTRICT-W,,,,,,,,,,,,,,,,,,,,,,,,,,
,1999-00,480,388,520,..,..,693,..,1344,..,966,200,..,972,INDIA.STATEMADHYAPRADESHDISTRICT-W,,,,,,,,,,,,,,,,,,,,,,,,,,
,,1138r,..,..,..,..,..,..,..,..,..,..,..,..,INDIA.STATEMADHYAPRADESHDISTRICT-W,,,,,,,,,,,,,,,,,,,,,,,,,,
,2000-01,500,600,370,..,..,608,522,1626,1459,940,..,..,950,INDIA.STATEMADHYAPRADESHDISTRICT-W,,,,,,,,,,,,,,,,,,,,,,,,,,
,,1070r,..,..,..,..,..,..,..,..,..,..,..,..,INDIA.STATEMADHYAPRADESHDISTRICT-W,,,,,,,,,,,,,,,,,,,,,,,,,,
BHIND,1998-99,1253r,514,388,..,..,542,487,1189,..,..,..,..,..,INDIA.STATEMADHYAPRADESHDISTRICT-W,,,,,,,,,,,,,,,,,,,,,,,,,,
,1999-00,1193r,576,496,..,..,654,583,1243,1386,..,..,5513,..,INDIA.STATEMADHYAPRADESHDISTRICT-W,,,,,,,,,,,,,,,,,,,,,,,,,,
,2000-01,1125r,455,439,..,..,565,496,1606,1533,..,..,2275,..,INDIA.STATEMADHYAPRADESHDISTRICT-W,,,,,,,,,,,,,,,,,,,,,,,,,,
GWALIOR,1998-99,495,..,406,625,..,..,..,..,..,945,..,..,1550,INDIA.STATEMADHYAPRADESHDISTRICT-W,,,,,,,,,,,,,,,,,,,,,,,,,,
,1999-00,559,610,565,..,..,661,641,1255,1578,1069,218,1741,1441,INDIA.STATEMADHYAPRADESHDISTRICT-W,,,,,,,,,,,,,,,,,,,,,,,,,,
,2000-01,574,572,444,528,..,624,528,1607,1311,1082,344,1760,1465,INDIA.STATEMADHYAPRADESHDISTRICT-W,,,,,,,,,,,,,,,,,,,,,,,,,,
,,594r,..,..,..,..,..,..,..,..,..,..,..,..,INDIA.STATEMADHYAPRADESHDISTRICT-W,,,,,,,,,,,,,,,,,,,,,,,,,,
SHIVPURI,1998-99,750,749,505,456,..,573,462,1043,..,1122,370,1742,1355,INDIA.STATEMADHYAPRADESHDISTRICT-W,,,,,,,,,,,,,,,,,,,,,,,,,,
,,800r,..,..,..,..,..,..,..,..,..,..,..,..,INDIA.STATEMADHYAPRADESHDISTRICT-W,,,,,,,,,,,,,,,,,,,,,,,,,,
,1999-00,450,881,547,521,..,638,598,1183,1526,1116,244,..,1141,INDIA.STATEMADHYAPRADESHDISTRICT-W,,,,,,,,,,,,,,,,,,,,,,,,,,
,,928r,..,..,..,..,..,..,..,..,..,..,..,..,INDIA.STATEMADHYAPRADESHDISTRICT-W,,,,,,,,,,,,,,,,,,,,,,,,,,
,2000-01,550,742,455,482,..,608,419,1587,1390,1011,365,1700,1297,INDIA.STATEMADHYAPRADESHDISTRICT-W,,,,,,,,,,,,,,,,,,,,,,,,,,
,,772r,..,..,..,..,..,..,..,..,..,..,..,..,INDIA.STATEMADHYAPRADESHDISTRICT-W,,,,,,,,,,,,,,,,,,,,,,,,,,
GUNA,1998-99,..,696,..,678,..,637,..,1025,..,1109,357,..,..,INDIA.STATEMADHYAPRADESHDISTRICT-W,,,,,,,,,,,,,,,,,,,,,,,,,,
,1999-00,..,843,..,564,..,742,..,1166,..,972,283,..,..,INDIA.STATEMADHYAPRADESHDISTRICT-W,,,,,,,,,,,,,,,,,,,,,,,,,,
,2000-01,1270r,740,..,491,..,698,..,1533,..,889,..,..,..,INDIA.STATEMADHYAPRADESHDISTRICT-W,,,,,,,,,,,,,,,,,,,,,,,,,,
DATIA,1998-99,800r,529,449,..,..,580,482,1045,..,..,..,..,..,INDIA.STATEMADHYAPRADESHDISTRICT-W,,,,,,,,,,,,,,,,,,,,,,,,,,
,1999-00,..,573,560,400,..,678,525,1233,..,..,..,..,..,INDIA.STATEMADHYAPRADESHDISTRICT-W,,,,,,,,,,,,,,,,,,,,,,,,,,
,2000-01,..,585,455,480,..,569,504,1641,..,..,..,..,..,INDIA.STATEMADHYAPRADESHDISTRICT-W,,,,,,,,,,,,,,,,,,,,,,,,,,
BHOPAL,1998-99,1100,551,..,319,..,712,..,983,1233,1199,..,..,1214,INDIA.STATEMADHYAPRADESHDISTRICT-W,,,,,,,,,,,,,,,,,,,,,,,,,,
,,1310r,..,..,..,..,..,..,..,..,..,..,..,..,INDIA.STATEMADHYAPRADESHDISTRICT-W,,,,,,,,,,,,,,,,,,,,,,,,,,
,1999-00,..,818,..,..,..,688,..,1233,1611,1124,..,..,950,INDIA.STATEMADHYAPRADESHDISTRICT-W,,,,,,,,,,,,,,,,,,,,,,,,,,
,2000-01,830,811,..,457,..,635,..,1811,1611,1042,..,..,..,INDIA.STATEMADHYAPRADESHDISTRICT-W,,,,,,,,,,,,,,,,,,,,,,,,,,
,,1008r,..,..,..,..,..,..,..,..,..,..,..,..,INDIA.STATEMADHYAPRADESHDISTRICT-W,,,,,,,,,,,,,,,,,,,,,,,,,,
SEHORE,1998-99,1100r,520,..,475,..,558,..,970,1975,1155,..,..,..,INDIA.STATEMADHYAPRADESHDISTRICT-W,,,,,,,,,,,,,,,,,,,,,,,,,,
,1999-00,450,699,..,459,..,619,..,1137,1506,972,..,..,..,INDIA.STATEMADHYAPRADESHDISTRICT-W,,,,,,,,,,,,,,,,,,,,,,,,,,
,,869r,..,..,..,..,..,..,..,..,..,..,..,..,INDIA.STATEMADHYAPRADESHDISTRICT-W,,,,,,,,,,,,,,,,,,,,,,,,,,
,2000-01,..,542,..,460,..,742,..,1585,1550,885,..,..,..,INDIA.STATEMADHYAPRADESHDISTRICT-W,,,,,,,,,,,,,,,,,,,,,,,,,,
RAISON,1998-99,850,575,..,1050,..,604,..,988,..,..,..,..,..,INDIA.STATEMADHYAPRADESHDISTRICT-W,,,,,,,,,,,,,,,,,,,,,,,,,,
,1999-00,..,..,..,695,..,638,..,1144,..,..,..,..,..,INDIA.STATEMADHYAPRADESHDISTRICT-W,,,,,,,,,,,,,,,,,,,,,,,,,,
,2000-01,900r,593,..,677,..,622,..,1524,1283,..,..,..,..,INDIA.STATEMADHYAPRADESHDISTRICT-W,,,,,,,,,,,,,,,,,,,,,,,,,,
VIDISHA,1998-99,..,650,..,..,..,659,..,958,..,..,..,..,..,INDIA.STATEMADHYAPRADESHDISTRICT-W,,,,,,,,,,,,,,,,,,,,,,,,,,
,1999-00,..,..,..,400,..,764,..,1104,..,..,..,..,..,INDIA.STATEMADHYAPRADESHDISTRICT-W,,,,,,,,,,,,,,,,,,,,,,,,,,
,2000-01,..,..,..,..,..,754,..,1602,..,..,..,..,..,INDIA.STATEMADHYAPRADESHDISTRICT-W,,,,,,,,,,,,,,,,,,,,,,,,,,
BETUL,1998-99,1038r,466,..,406,..,591,..,964,1700,1009,..,..,1052,INDIA.STATEMADHYAPRADESHDISTRICT-W,,,,,,,,,,,,,,,,,,,,,,,,,,
,1999-00,748,542,..,458,..,637,..,1137,1553,930,..,..,1170,INDIA.STATEMADHYAPRADESHDISTRICT-W,,,,,,,,,,,,,,,,,,,,,,,,,,
,,878r,..,..,..,..,..,..,..,..,..,..,..,..,INDIA.STATEMADHYAPRADESHDISTRICT-W,,,,,,,,,,,,,,,,,,,,,,,,,,
,2000-01,650,..,..,492,..,639,..,1448,1442,935,..,..,1317,INDIA.STATEMADHYAPRADESHDISTRICT-W,,,,,,,,,,,,,,,,,,,,,,,,,,
,,981r,..,..,..,..,..,..,..,..,..,..,..,..,INDIA.STATEMADHYAPRADESHDISTRICT-W,,,,,,,,,,,,,,,,,,,,,,,,,,
RAJGARH,1998-99,500,701,..,420,..,573,..,1023,1822,1113,..,..,1449,INDIA.STATEMADHYAPRADESHDISTRICT-W,,,,,,,,,,,,,,,,,,,,,,,,,,
,,817r,..,..,..,..,..,..,..,..,..,..,..,..,INDIA.STATEMADHYAPRADESHDISTRICT-W,,,,,,,,,,,,,,,,,,,,,,,,,,
,1999-00,633,939,..,544,..,625,..,1612,1550,1094,..,..,1350,INDIA.STATEMADHYAPRADESHDISTRICT-W,,,,,,,,,,,,,,,,,,,,,,,,,,
,,1188r,..,..,..,..,..,..,..,..,..,..,..,..,INDIA.STATEMADHYAPRADESHDISTRICT-W,,,,,,,,,,,,,,,,,,,,,,,,,,
,2000-01,881r,743,..,531,..,617,..,1159,1550,1020,..,..,1388,INDIA.STATEMADHYAPRADESHDISTRICT-W,,,,,,,,,,,,,,,,,,,,,,,,,,
HOSHANGABAD,1998-99,613,636,..,..,..,610,..,975,1713,..,..,..,..,INDIA.STATEMADHYAPRADESHDISTRICT-W,,,,,,,,,,,,,,,,,,,,,,,,,,
,,964r,..,..,..,..,..,..,..,..,..,..,..,..,INDIA.STATEMADHYAPRADESHDISTRICT-W,,,,,,,,,,,,,,,,,,,,,,,,,,
,1999-00,975,744,..,..,..,610,..,1139,1293,..,..,..,..,INDIA.STATEMADHYAPRADESHDISTRICT-W,,,,,,,,,,,,,,,,,,,,,,,,,,
,,1005r,..,..,..,..,..,..,..,..,..,..,..,..,INDIA.STATEMADHYAPRADESHDISTRICT-W,,,,,,,,,,,,,,,,,,,,,,,,,,
,2000-01,1074r,755,..,..,..,580,..,1537,1300,..,..,..,..,INDIA.STATEMADHYAPRADESHDISTRICT-W,,,,,,,,,,,,,,,,,,,,,,,,,,
DHAMTARI,1998-99,..,..,..,..,..,..,..,..,..,..,..,..,..,INDIA.STATEMADHYAPRADESHDISTRICT-W,,,,,,,,,,,,,,,,,,,,,,,,,,
,1999-00,503r,..,..,..,..,800,..,1278,..,..,..,..,..,INDIA.STATEMADHYAPRADESHDISTRICT-W,,,,,,,,,,,,,,,,,,,,,,,,,,
KABARDHA,1998-99,..,..,..,..,..,..,..,..,..,..,..,..,..,INDIA.STATEMADHYAPRADESHDISTRICT-W,,,,,,,,,,,,,,,,,,,,,,,,,,
,1999-00,490,..,..,409,..,835,..,1171,1364,995,..,..,..,INDIA.STATEMADHYAPRADESHDISTRICT-W,,,,,,,,,,,,,,,,,,,,,,,,,,
,,1000r,..,..,..,..,..,..,..,..,..,..,..,..,INDIA.STATEMADHYAPRADESHDISTRICT-W,,,,,,,,,,,,,,,,,,,,,,,,,,
DANTHBADA,1998-99,..,..,..,..,..,..,..,..,..,..,..,..,..,INDIA.STATEMADHYAPRADESHDISTRICT-W,,,,,,,,,,,,,,,,,,,,,,,,,,
,1999-00,490,..,..,..,..,800,..,..,..,1227,..,..,..,INDIA.STATEMADHYAPRADESHDISTRICT-W,,,,,,,,,,,,,,,,,,,,,,,,,,
,,1083r,..,..,..,..,..,..,..,..,..,..,..,..,INDIA.STATEMADHYAPRADESHDISTRICT-W,,,,,,,,,,,,,,,,,,,,,,,,,,
KANKAR,1998-99,..,..,..,..,..,..,..,..,..,..,..,..,..,INDIA.STATEMADHYAPRADESHDISTRICT-W,,,,,,,,,,,,,,,,,,,,,,,,,,
,1999-00,460,..,..,450,500,817,..,1400,..,1395,..,4829,..,INDIA.STATEMADHYAPRADESHDISTRICT-W,,,,,,,,,,,,,,,,,,,,,,,,,,
,,920r,..,..,..,..,..,..,..,..,..,..,..,..,INDIA.STATEMADHYAPRADESHDISTRICT-W,,,,,,,,,,,,,,,,,,,,,,,,,,
JANGGIR,1998-99,..,..,..,..,..,..,..,..,..,..,..,..,..,INDIA.STATEMADHYAPRADESHDISTRICT-W,,,,,,,,,,,,,,,,,,,,,,,,,,
,1999-00,464,..,..,..,..,1118,..,..,..,1433,..,..,..,INDIA.STATEMADHYAPRADESHDISTRICT-W,,,,,,,,,,,,,,,,,,,,,,,,,,
,,1020r,..,..,..,..,..,..,..,..,..,..,..,..,INDIA.STATEMADHYAPRADESHDISTRICT-W,,,,,,,,,,,,,,,,,,,,,,,,,,
KORIYA,1998-99,..,..,..,..,..,..,..,..,..,..,..,..,..,INDIA.STATEMADHYAPRADESHDISTRICT-W,,,,,,,,,,,,,,,,,,,,,,,,,,
,1999-00,..,..,..,534,..,804,..,..,..,..,506,3376,..,INDIA.STATEMADHYAPRADESHDISTRICT-W,,,,,,,,,,,,,,,,,,,,,,,,,,
JASPUR,1998-99,..,..,..,..,..,..,..,..,..,..,..,..,..,INDIA.STATEMADHYAPRADESHDISTRICT-W,,,,,,,,,,,,,,,,,,,,,,,,,,
,1999-00,913r,..,..,588,..,736,..,1406,1598,1216,487,3000,1252,INDIA.STATEMADHYAPRADESHDISTRICT-W,,,,,,,,,,,,,,,,,,,,,,,,,,
KATANI,1998-99,..,..,..,..,..,..,..,..,..,..,..,..,..,INDIA.STATEMADHYAPRADESHDISTRICT-W,,,,,,,,,,,,,,,,,,,,,,,,,,
,1999-00,500,..,..,442,..,674,..,..,..,..,272,..,..,INDIA.STATEMADHYAPRADESHDISTRICT-W,,,,,,,,,,,,,,,,,,,,,,,,,,
,,822r,..,..,..,..,..,..,..,..,..,..,..,..,INDIA.STATEMADHYAPRADESHDISTRICT-W,,,,,,,,,,,,,,,,,,,,,,,,,,
,2000-01,..,..,..,462,..,600,..,..,..,..,428,..,..,INDIA.STATEMADHYAPRADESHDISTRICT-W,,,,,,,,,,,,,,,,,,,,,,,,,,
DINDORI,1998-99,..,..,..,..,..,..,..,..,..,..,..,..,..,INDIA.STATEMADHYAPRADESHDISTRICT-W,,,,,,,,,,,,,,,,,,,,,,,,,,
,1999-00,754r,..,..,408,..,754,..,1185,..,..,..,..,..,INDIA.STATEMADHYAPRADESHDISTRICT-W,,,,,,,,,,,,,,,,,,,,,,,,,,
,2000-01,..,,..,337,..,590,..,1470,..,..,..,..,..,INDIA.STATEMADHYAPRADESHDISTRICT-W,,,,,,,,,,,,,,,,,,,,,,,,,,
UMRIYA,1998-99,..,..,..,..,..,..,..,..,..,..,..,..,..,INDIA.STATEMADHYAPRADESHDISTRICT-W,,,,,,,,,,,,,,,,,,,,,,,,,,
,1999-00,472,..,..,461,..,625,505,1244,..,..,300,5400,..,INDIA.STATEMADHYAPRADESHDISTRICT-W,,,,,,,,,,,,,,,,,,,,,,,,,,
,2000-01,475,..,..,525,..,586,430,1409,..,..,375,5017,..,INDIA.STATEMADHYAPRADESHDISTRICT-W,,,,,,,,,,,,,,,,,,,,,,,,,,
,,800r,..,..,..,..,..,..,..,..,..,..,..,..,INDIA.STATEMADHYAPRADESHDISTRICT-W,,,,,,,,,,,,,,,,,,,,,,,,,,
BADBANI,1998-99,..,..,..,..,..,..,..,..,..,..,..,..,..,INDIA.STATEMADHYAPRADESHDISTRICT-W,,,,,,,,,,,,,,,,,,,,,,,,,,
,1999-00,1043r,581,580,..,..,676,..,..,..,..,..,..,1297,INDIA.STATEMADHYAPRADESHDISTRICT-W,,,,,,,,,,,,,,,,,,,,,,,,,,
,2000-01,..,469,563,..,..,647,..,..,..,..,..,..,1416,INDIA.STATEMADHYAPRADESHDISTRICT-W,,,,,,,,,,,,,,,,,,,,,,,,,,
NIMUCH,1998-99,..,..,..,..,..,..,..,..,..,..,..,..,..,INDIA.STATEMADHYAPRADESHDISTRICT-W,,,,,,,,,,,,,,,,,,,,,,,,,,
,1999-00,1100r,..,..,535,..,657,..,1197,..,..,..,..,1272,INDIA.STATEMADHYAPRADESHDISTRICT-W,,,,,,,,,,,,,,,,,,,,,,,,,,
,2000-01,..,..,..,493,..,674,..,1619,..,..,..,..,1365,INDIA.STATEMADHYAPRADESHDISTRICT-W,,,,,,,,,,,,,,,,,,,,,,,,,,
SHEEYAPUR,1998-99,..,..,..,..,..,..,..,..,..,..,..,..,..,INDIA.STATEMADHYAPRADESHDISTRICT-W,,,,,,,,,,,,,,,,,,,,,,,,,,
,1999-00,480,663,700,..,..,616,400,1230,1275,1059,256,..,1190,INDIA.STATEMADHYAPRADESHDISTRICT-W,,,,,,,,,,,,,,,,,,,,,,,,,,
,2000-01,..,487,..,..,..,618,419,1541,1133,1075,..,..,..,INDIA.STATEMADHYAPRADESHDISTRICT-W,,,,,,,,,,,,,,,,,,,,,,,,,,
HARDA,1998-99,..,..,..,..,..,..,..,..,..,..,..,..,..,INDIA.STATEMADHYAPRADESHDISTRICT-W,,,,,,,,,,,,,,,,,,,,,,,,,,
,1999-00,..,575,..,..,..,584,..,1450,1455,..,..,..,..,INDIA.STATEMADHYAPRADESHDISTRICT-W,,,,,,,,,,,,,,,,,,,,,,,,,,
,2000-01,..,604,..,..,..,..,..,..,..,..,..,..,..,INDIA.STATEMADHYAPRADESHDISTRICT-W,,,,,,,,,,,,,,,,,,,,,,,,,,
MADHYA PRADESH,1998-99,460,617,390,473,493,598,464,1019,1525,1037,394,2700,1378,INDIA.STATEMADHYAPRADESHDISTRICT-W,,,,,,,,,,,,,,,,,,,,,,,,,,
(STATE WEIGHTED,,782r,..,..,..,..,..,..,..,..,..,..,..,..,INDIA.STATEMADHYAPRADESHDISTRICT-W,,,,,,,,,,,,,,,,,,,,,,,,,,
average),1999-00,487,605,537,514,609,700,572,1182,1470,999,310,3738,1282,INDIA.STATEMADHYAPRADESHDISTRICT-W,,,,,,,,,,,,,,,,,,,,,,,,,,
,,838r,..,..,..,..,..,..,..,..,..,..,..,..,INDIA.STATEMADHYAPRADESHDISTRICT-W,,,,,,,,,,,,,,,,,,,,,,,,,,
,2000-01,546,721,396,466,..,632,529,1550,1333,926,415,3609,1369,INDIA.STATEMADHYAPRADESHDISTRICT-W,,,,,,,,,,,,,,,,,,,,,,,,,,
,,954r,..,..,..,..,..,..,..,..,..,..,..,..,INDIA.STATEMADHYAPRADESHDISTRICT-W,,,,,,,,,,,,,,,,,,,,,,,,,,
RAIPUR,1998-99,,,,,,,,,,,,,,INDIA.STATEMADHYAPRADESHDISTRICT-W,..,..,1841,..,,..,,..,..,..,..,..,..,,,,,,,..,,,,,,..
,1999-00,,,,,,,,,,,,,,INDIA.STATEMADHYAPRADESHDISTRICT-W,..,1687,2118,..,,..,,..,..,..,..,..,..,,,,,,,..,,,,,,..
DURG,1998-99,,,,,,,,,,,,,,INDIA.STATEMADHYAPRADESHDISTRICT-W,..,2487,1573,..,,..,,..,..,..,4976,..,..,,,,,,,..,,,,,,..
,1999-00,,,,,,,,,,,,,,INDIA.STATEMADHYAPRADESHDISTRICT-W,..,2302,1419,..,,..,,..,..,..,4066,..,..,,,,,,,..,,,,,,..
RAJNANDGAON,1998-99,,,,,,,,,,,,,,INDIA.STATEMADHYAPRADESHDISTRICT-W,..,..,1430,..,,..,,..,..,..,5246,..,..,,,,,,,..,,,,,,..
,1999-00,,,,,,,,,,,,,,INDIA.STATEMADHYAPRADESHDISTRICT-W,..,..,1500,..,,..,,..,..,..,4284,..,..,,,,,,,..,,,,,,..
BASTER,1998-99,,,,,,,,,,,,,,INDIA.STATEMADHYAPRADESHDISTRICT-W,1425,1704,1200,..,,..,,..,..,2001,4614,3784,..,,,,,,,..,,,,,,1344
,1999-00,,,,,,,,,,,,,,INDIA.STATEMADHYAPRADESHDISTRICT-W,1213,1290,1400,..,,..,,..,..,2657,4242,3631,..,,,,,,,..,,,,,,1533
BILASPUR,1998-99,,,,,,,,,,,,,,INDIA.STATEMADHYAPRADESHDISTRICT-W,1512,2006,1615,..,,..,,..,..,..,5207,3759,..,,,,,,,..,,,,,,1550
,1999-00,,,,,,,,,,,,,,INDIA.STATEMADHYAPRADESHDISTRICT-W,1330,2242,..,..,,..,,..,..,..,4099,3255,..,,,,,,,..,,,,,,1540
SARGUJA,1998-99,,,,,,,,,,,,,,INDIA.STATEMADHYAPRADESHDISTRICT-W,1432,2267,1344,..,,..,,..,..,1618,..,3266,..,,,,,,,..,,,,,,1378
,1999-00,,,,,,,,,,,,,,INDIA.STATEMADHYAPRADESHDISTRICT-W,1204,1479,1342,..,,..,,..,..,1615,..,2453,..,,,,,,,..,,,,,,1520
RAIGARH,1998-99,,,,,,,,,,,,,,INDIA.STATEMADHYAPRADESHDISTRICT-W,1643,1850,..,..,,..,,..,..,..,5759,3748,550,,,,,,,..,,,,,,1294
,1999-00,,,,,,,,,,,,,,INDIA.STATEMADHYAPRADESHDISTRICT-W,..,1787,..,..,,..,,..,..,..,4449,3342,..,,,,,,,..,,,,,,1588
JABALPUR,1998-99,,,,,,,,,,,,,,INDIA.STATEMADHYAPRADESHDISTRICT-W,1183,2107,1336,..,,..,,..,..,1902,..,..,..,,,,,,,818,,,,,,1237
,1999-00,,,,,,,,,,,,,,INDIA.STATEMADHYAPRADESHDISTRICT-W,1159,1725,1279,..,,..,,2500,..,2308,..,..,..,,,,,,,876,,,,,,1589
,2000-01,,,,,,,,,,,,,,INDIA.STATEMADHYAPRADESHDISTRICT-W,1216,1962,1271,..,,..,,1175,..,1898,..,..,..,,,,,,,..,,,,,,1492
BALAGHAT,1998-99,,,,,,,,,,,,,,INDIA.STATEMADHYAPRADESHDISTRICT-W,..,..,1163,..,,..,,..,..,2765,5715,..,..,,,,,,,..,,,,,,..
,1999-00,,,,,,,,,,,,,,INDIA.STATEMADHYAPRADESHDISTRICT-W,1025,..,..,..,,..,,..,..,2845,3971,..,..,,,,,,,..,,,,,,..
,2000-01,,,,,,,,,,,,,,INDIA.STATEMADHYAPRADESHDISTRICT-W,1250,..,..,..,,..,,..,..,2273,3470,..,..,,,,,,,..,,,,,,..
CHHINDWARA,1998-99,,,,,,,,,,,,,,INDIA.STATEMADHYAPRADESHDISTRICT-W,..,2583,..,..,,1950,,..,..,1722,4916,..,..,,,,,,,833,,,,,,1250
,1999-00,,,,,,,,,,,,,,INDIA.STATEMADHYAPRADESHDISTRICT-W,..,2016,..,..,,1950,,..,..,2071,4000,..,..,,,,,,,763,,,,,,..
,2000-01,,,,,,,,,,,,,,INDIA.STATEMADHYAPRADESHDISTRICT-W,..,..,..,..,,..,,..,..,..,..,..,..,,,,,,,..,,,,,,..
SHIVANI,1998-99,,,,,,,,,,,,,,INDIA.STATEMADHYAPRADESHDISTRICT-W,..,1992,1447,..,,..,,..,..,1664,..,..,..,,,,,,,825,,,,,,1346
,1999-00,,,,,,,,,,,,,,INDIA.STATEMADHYAPRADESHDISTRICT-W,..,1732,1287,..,,..,,1060,..,1751,..,..,..,,,,,,,772,,,,,,1609
,2000-01,,,,,,,,,,,,,,INDIA.STATEMADHYAPRADESHDISTRICT-W,..,1712,1309,..,,..,,1183,..,1665,..,..,..,,,,,,,904,,,,,,1600
MANDLA,1998-99,,,,,,,,,,,,,,INDIA.STATEMADHYAPRADESHDISTRICT-W,1528,1885,1358,..,,..,,..,..,..,..,..,..,,,,,,,..,,,,,,1310
,1999-00,,,,,,,,,,,,,,INDIA.STATEMADHYAPRADESHDISTRICT-W,1155,2215,1213,..,,..,,1175,..,..,..,..,..,,,,,,,..,,,,,,1567
,2000-01,,,,,,,,,,,,,,INDIA.STATEMADHYAPRADESHDISTRICT-W,1484,1755,1273,..,,..,,1117,..,..,..,..,..,,,,,,,..,,,,,,1542
NARSINGHPUR,1998-99,,,,,,,,,,,,,,INDIA.STATEMADHYAPRADESHDISTRICT-W,..,1921,..,..,,..,,..,..,1814,..,..,..,,,,,,,843,,,,,,..
,1999-00,,,,,,,,,,,,,,INDIA.STATEMADHYAPRADESHDISTRICT-W,..,2533,..,..,,..,,..,..,1965,..,..,..,,,,,,,774,,,,,,..
,2000-01,,,,,,,,,,,,,,INDIA.STATEMADHYAPRADESHDISTRICT-W,..,..,..,..,,..,,..,..,1842,..,..,..,,,,,,,902,,,,,,..
SAGAR,1998-99,,,,,,,,,,,,,,INDIA.STATEMADHYAPRADESHDISTRICT-W,..,2023,1516,..,,..,,..,..,1540,..,..,..,,,,,,,822,,,,,,1317
,1999-00,,,,,,,,,,,,,,INDIA.STATEMADHYAPRADESHDISTRICT-W,..,2158,1321,..,,..,,..,..,2257,..,..,..,,,,,,,..,,,,,,1480
,2000-01,,,,,,,,,,,,,,INDIA.STATEMADHYAPRADESHDISTRICT-W,..,1919,1380,..,,..,,..,..,1823,..,..,..,,,,,,,..,,,,,,..
DAMOH,1998-99,,,,,,,,,,,,,,INDIA.STATEMADHYAPRADESHDISTRICT-W,..,2064,1414,..,,..,,..,..,1619,..,..,..,,,,,,,..,,,,,,..
,1999-00,,,,,,,,,,,,,,INDIA.STATEMADHYAPRADESHDISTRICT-W,..,1626,1305,..,,..,,..,..,1991,..,..,..,,,,,,,..,,,,,,..
,2000-01,,,,,,,,,,,,,,INDIA.STATEMADHYAPRADESHDISTRICT-W,..,1785,1308,..,,..,,..,..,1752,..,..,..,,,,,,,..,,,,,,..
PANNA,1998-99,,,,,,,,,,,,,,INDIA.STATEMADHYAPRADESHDISTRICT-W,1287,1978,1451,..,,..,,..,..,..,..,..,..,,,,,,,..,,,,,,..
,1999-00,,,,,,,,,,,,,,INDIA.STATEMADHYAPRADESHDISTRICT-W,1135,1533,1321,..,,..,,..,..,..,..,..,..,,,,,,,..,,,,,,..
,2000-01,,,,,,,,,,,,,,INDIA.STATEMADHYAPRADESHDISTRICT-W,1296,1595,1404,..,,..,,..,..,..,..,..,..,,,,,,,..,,,,,,..
TIKAMGARH,1998-99,,,,,,,,,,,,,,INDIA.STATEMADHYAPRADESHDISTRICT-W,..,..,1395,..,,..,,..,..,1629,3125,..,..,,,,,,,..,,,,,,..
,1999-00,,,,,,,,,,,,,,INDIA.STATEMADHYAPRADESHDISTRICT-W,..,..,1363,..,,..,,..,..,1972,..,..,..,,,,,,,..,,,,,,..
,2000-01,,,,,,,,,,,,,,INDIA.STATEMADHYAPRADESHDISTRICT-W,..,..,1350,..,,..,,..,..,1942,..,..,..,,,,,,,..,,,,,,..
CHHATARPUR,1998-99,,,,,,,,,,,,,,INDIA.STATEMADHYAPRADESHDISTRICT-W,..,2209,1383,..,,..,,..,..,2003,..,4005,..,,,,,,,..,,,,,,2550
,1999-00,,,,,,,,,,,,,,INDIA.STATEMADHYAPRADESHDISTRICT-W,..,1626,1433,..,,..,,1625,..,2022,..,3102,..,,,,,,,..,,,,,,..
,2000-01,,,,,,,,,,,,,,INDIA.STATEMADHYAPRADESHDISTRICT-W,..,1813,1396,..,,..,,..,..,1859,..,2894,..,,,,,,,..,,,,,,..
REWA,1998-99,,,,,,,,,,,,,,INDIA.STATEMADHYAPRADESHDISTRICT-W,1257,..,1333,..,,..,,..,..,..,..,..,..,,,,,,,..,,,,,,..
,1999-00,,,,,,,,,,,,,,INDIA.STATEMADHYAPRADESHDISTRICT-W,1131,1444,1330,..,,..,,..,..,..,..,..,..,,,,,,,..,,,,,,..
,2000-01,,,,,,,,,,,,,,INDIA.STATEMADHYAPRADESHDISTRICT-W,1360,..,1385,..,,..,,..,..,..,..,..,..,,,,,,,..,,,,,,..
SIDHI,1998-99,,,,,,,,,,,,,,INDIA.STATEMADHYAPRADESHDISTRICT-W,1415,1760,1047,..,,..,,..,..,..,..,3291,..,,,,,,,..,,,,,,1600
,1999-00,,,,,,,,,,,,,,INDIA.STATEMADHYAPRADESHDISTRICT-W,1190,1152,1168,..,,..,,..,..,..,..,..,..,,,,,,,..,,,,,,..
,2000-01,,,,,,,,,,,,,,INDIA.STATEMADHYAPRADESHDISTRICT-W,800,1036,894,..,,..,,..,..,..,..,..,..,,,,,,,..,,,,,,1200
SATNA,1998-99,,,,,,,,,,,,,,INDIA.STATEMADHYAPRADESHDISTRICT-W,..,2499,1733,..,,..,,..,..,1718,..,..,..,,,,,,,..,,,,,,..
,1998-99,,,,,,,,,,,,,,INDIA.STATEMADHYAPRADESHDISTRICT-W,..,2267,1400,..,,..,,..,..,1856,..,..,..,,,,,,,..,,,,,,..
,1998-99,,,,,,,,,,,,,,INDIA.STATEMADHYAPRADESHDISTRICT-W,..,2350,1260,..,,..,,..,..,1820,..,..,..,,,,,,,..,,,,,,..
SHAHDOL,1998-99,,,,,,,,,,,,,,INDIA.STATEMADHYAPRADESHDISTRICT-W,..,2000,1533,..,,..,,..,..,..,..,..,..,,,,,,,..,,,,,,..
,1999-00,,,,,,,,,,,,,,INDIA.STATEMADHYAPRADESHDISTRICT-W,2086,1850,1600,..,,..,,..,..,..,..,..,..,,,,,,,..,,,,,,..
,2000-01,,,,,,,,,,,,,,INDIA.STATEMADHYAPRADESHDISTRICT-W,..,..,..,..,,..,,..,..,..,..,..,..,,,,,,,..,,,,,,..
INDORE,1998-99,,,,,,,,,,,,,,INDIA.STATEMADHYAPRADESHDISTRICT-W,..,..,1534,..,,..,,..,..,2103,4744,..,..,,,,,,,861,,,,,,..
,1999-00,,,,,,,,,,,,,,INDIA.STATEMADHYAPRADESHDISTRICT-W,..,..,1364,..,,..,,1133,..,3025,3687,..,..,,,,,,,829,,,,,,..
,2000-01,,,,,,,,,,,,,,INDIA.STATEMADHYAPRADESHDISTRICT-W,..,..,1440,..,,4133,,..,..,2178,3402,..,..,,,,,,,1010,,,,,,..
DHAR,1998-99,,,,,,,,,,,,,,INDIA.STATEMADHYAPRADESHDISTRICT-W,..,..,1362,..,,2122,,3110,..,2194,4254,..,..,,,,,,,854,,,,,,..
,1999-00,,,,,,,,,,,,,,INDIA.STATEMADHYAPRADESHDISTRICT-W,..,..,1470,..,,1921,,2820,..,2611,3549,..,..,,,,,,,802,,,,,,..
,2000-01,,,,,,,,,,,,,,INDIA.STATEMADHYAPRADESHDISTRICT-W,..,..,..,..,,2009,,..,..,2244,3500,..,..,,,,,,,988,,,,,,..
JHABUA,1998-99,,,,,,,,,,,,,,INDIA.STATEMADHYAPRADESHDISTRICT-W,..,..,..,1140,,2215,,..,..,..,3323,..,..,,,,,,,..,,,,,,..
,1999-00,,,,,,,,,,,,,,INDIA.STATEMADHYAPRADESHDISTRICT-W,..,..,..,1291,,2417,,..,..,..,3854,..,..,,,,,,,..,,,,,,..
,2000-01,,,,,,,,,,,,,,INDIA.STATEMADHYAPRADESHDISTRICT-W,..,..,..,1000,,2067,,..,..,..,3350,..,..,,,,,,,..,,,,,,..
KHARGAON,1998-99,,,,,,,,,,,,,,INDIA.STATEMADHYAPRADESHDISTRICT-W,..,..,..,..,,2035,,..,..,2621,4144,..,..,,,,,,,..,,,,,,..
,1999-00,,,,,,,,,,,,,,INDIA.STATEMADHYAPRADESHDISTRICT-W,..,..,..,..,,1841,,2000,..,2997,3526,..,..,,,,,,,..,,,,,,..
,2000-01,,,,,,,,,,,,,,INDIA.STATEMADHYAPRADESHDISTRICT-W,..,..,1473,..,,2087,,..,..,2207,3527,..,..,,,,,,,..,,,,,,..
,,,,,,,,,,,,,,,INDIA.STATEMADHYAPRADESHDISTRICT-W,..,..,..,..,,..,,..,..,..,..,..,..,,,,,,,..,,,,,,..
KHANDWA,1998-99,,,,,,,,,,,,,,INDIA.STATEMADHYAPRADESHDISTRICT-W,..,1999,..,..,,1922,,..,..,3184,3946,..,..,,,,,,,..,,,,,,..
,1999-00,,,,,,,,,,,,,,INDIA.STATEMADHYAPRADESHDISTRICT-W,..,2135,..,..,,1790,,..,..,3193,3543,..,..,,,,,,,..,,,,,,..
,2000-01,,,,,,,,,,,,,,INDIA.STATEMADHYAPRADESHDISTRICT-W,..,1977,..,..,,1984,,..,..,2542,3453,..,..,,,,,,,..,,,,,,..
UJJAIN,1998-99,,,,,,,,,,,,,,INDIA.STATEMADHYAPRADESHDISTRICT-W,..,..,1496,..,,..,,..,..,..,5409,..,..,,,,,,,826,,,,,,..
,1999-00,,,,,,,,,,,,,,INDIA.STATEMADHYAPRADESHDISTRICT-W,..,..,1271,..,,..,,..,..,..,4209,..,..,,,,,,,808,,,,,,..
,2000-01,,,,,,,,,,,,,,INDIA.STATEMADHYAPRADESHDISTRICT-W,..,..,1396,..,,2200,,..,..,..,4045,..,..,,,,,,,1000,,,,,,..
MANDSAUR,1998-99,,,,,,,,,,,,,,INDIA.STATEMADHYAPRADESHDISTRICT-W,..,2537,1428,..,,1750,,..,..,..,4133,..,..,,,,,,,850,,,,,,..
,1999-00,,,,,,,,,,,,,,INDIA.STATEMADHYAPRADESHDISTRICT-W,..,2615,1265,..,,..,,..,..,..,3699,..,..,,,,,,,828,,,,,,..
,2000-01,,,,,,,,,,,,,,INDIA.STATEMADHYAPRADESHDISTRICT-W,..,2714,1395,..,,..,,..,..,..,3911,..,..,,,,,,,965,,,,,,..
RATLAM,1998-99,,,,,,,,,,,,,,INDIA.STATEMADHYAPRADESHDISTRICT-W,..,..,1507,..,,2697,,..,..,..,4125,..,..,,,,,,,872,,,,,,..
,1999-00,,,,,,,,,,,,,,INDIA.STATEMADHYAPRADESHDISTRICT-W,..,..,1600,..,,2116,,..,..,..,3547,..,..,,,,,,,808,,,,,,..
,2000-01,,,,,,,,,,,,,,INDIA.STATEMADHYAPRADESHDISTRICT-W,..,..,..,..,,2599,,..,..,..,3412,..,..,,,,,,,1078,,,,,,..
DEWAS,1998-99,,,,,,,,,,,,,,INDIA.STATEMADHYAPRADESHDISTRICT-W,..,2424,1483,..,,1995,,..,..,2166,4879,..,..,,,,,,,833,,,,,,..
,1999-00,,,,,,,,,,,,,,INDIA.STATEMADHYAPRADESHDISTRICT-W,..,2256,1080,..,,1791,,..,..,2578,4012,..,..,,,,,,,804,,,,,,..
,2000-01,,,,,,,,,,,,,,INDIA.STATEMADHYAPRADESHDISTRICT-W,..,1750,1400,..,,1997,,..,..,2624,3444,..,..,,,,,,,986,,,,,,..
SHAJAPUR,1998-99,,,,,,,,,,,,,,INDIA.STATEMADHYAPRADESHDISTRICT-W,..,..,..,..,,..,,..,..,..,5176,..,..,,,,,,,842,,,,,,..
,1999-00,,,,,,,,,,,,,,INDIA.STATEMADHYAPRADESHDISTRICT-W,..,..,1171,..,,..,,..,..,..,4134,..,..,,,,,,,817,,,,,,..
,2000-01,,,,,,,,,,,,,,INDIA.STATEMADHYAPRADESHDISTRICT-W,..,..,..,..,,..,,..,..,..,4068,..,..,,,,,,,975,,,,,,..
MORENA,1998-99,,,,,,,,,,,,,,INDIA.STATEMADHYAPRADESHDISTRICT-W,1433,2701,..,..,,..,,..,..,..,5401,..,..,,,,,,,..,,,,,,..
,1999-00,,,,,,,,,,,,,,INDIA.STATEMADHYAPRADESHDISTRICT-W,1149,2091,..,..,,..,,..,..,..,4438,..,..,,,,,,,..,,,,,,..
,2000-01,,,,,,,,,,,,,,INDIA.STATEMADHYAPRADESHDISTRICT-W,1216,1856,..,..,,..,,..,..,..,3839,..,..,,,,,,,..,,,,,,..
BHIND,1998-99,,,,,,,,,,,,,,INDIA.STATEMADHYAPRADESHDISTRICT-W,1361,2738,1445,..,,..,,..,..,..,5641,..,..,,,,,,,..,,,,,,..
,1999-00,,,,,,,,,,,,,,INDIA.STATEMADHYAPRADESHDISTRICT-W,1121,2125,1448,..,,..,,..,..,..,4629,..,..,,,,,,,797,,,,,,..
,2000-01,,,,,,,,,,,,,,INDIA.STATEMADHYAPRADESHDISTRICT-W,1215,..,1112,..,,..,,..,..,..,3929,..,..,,,,,,,..,,,,,,..
GWALIOR,1998-99,,,,,,,,,,,,,,INDIA.STATEMADHYAPRADESHDISTRICT-W,..,2860,..,..,,..,,..,..,..,5300,..,..,,,,,,,900,,,,,,..
,1999-00,,,,,,,,,,,,,,INDIA.STATEMADHYAPRADESHDISTRICT-W,1180,2020,1419,..,,..,,..,..,..,4000,..,..,,,,,,,867,,,,,,..
,2000-01,,,,,,,,,,,,,,INDIA.STATEMADHYAPRADESHDISTRICT-W,1257,1848,1439,..,,..,,..,..,..,3344,..,..,,,,,,,852,,,,,,..
SHIVPURI,1998-99,,,,,,,,,,,,,,INDIA.STATEMADHYAPRADESHDISTRICT-W,..,2238,1623,..,,..,,..,..,..,5148,..,770,,,,,,,..,,,,,,..
,1999-00,,,,,,,,,,,,,,INDIA.STATEMADHYAPRADESHDISTRICT-W,..,1965,1248,..,,..,,..,..,..,4033,..,..,,,,,,,..,,,,,,1152
,2000-01,,,,,,,,,,,,,,INDIA.STATEMADHYAPRADESHDISTRICT-W,..,1899,1307,..,,..,,..,..,..,3813,..,713,,,,,,,..,,,,,,1500
GOALPARA,1998-99,622,..,..,..,..,..,..,..,..,..,475,..,..,INDIA.STATEASSAMDISTRICT-WISE,,,,,,,,,,,,,,,,,,,,,,,,,,
,1999-00,638,..,..,..,..,..,..,..,..,..,337,..,..,INDIA.STATEASSAMDISTRICT-WISE,,,,,,,,,,,,,,,,,,,,,,,,,,
,2000-01,523,..,..,..,..,..,..,..,..,..,460,..,..,INDIA.STATEASSAMDISTRICT-WISE,,,,,,,,,,,,,,,,,,,,,,,,,,
,,440,..,..,..,..,..,..,..,..,..,..,..,..,INDIA.STATEASSAMDISTRICT-WISE,,,,,,,,,,,,,,,,,,,,,,,,,,
KAMRUP,1998-99,569,..,..,..,..,..,..,..,..,..,877,..,..,INDIA.STATEASSAMDISTRICT-WISE,,,,,,,,,,,,,,,,,,,,,,,,,,
,,436,..,..,..,..,..,..,..,..,..,..,..,..,INDIA.STATEASSAMDISTRICT-WISE,,,,,,,,,,,,,,,,,,,,,,,,,,
,1999-00,533,..,..,..,..,..,..,..,..,..,297,..,..,INDIA.STATEASSAMDISTRICT-WISE,,,,,,,,,,,,,,,,,,,,,,,,,,
,,467,..,..,..,..,..,..,..,..,..,..,..,..,INDIA.STATEASSAMDISTRICT-WISE,,,,,,,,,,,,,,,,,,,,,,,,,,
,2000-01,464,..,..,..,..,..,..,..,..,..,444,..,..,INDIA.STATEASSAMDISTRICT-WISE,,,,,,,,,,,,,,,,,,,,,,,,,,
,,450,..,..,..,..,..,..,..,..,..,..,..,..,INDIA.STATEASSAMDISTRICT-WISE,,,,,,,,,,,,,,,,,,,,,,,,,,
CACHAR,1998-99,..,..,..,..,..,..,..,..,..,..,500,..,..,INDIA.STATEASSAMDISTRICT-WISE,,,,,,,,,,,,,,,,,,,,,,,,,,
,1999-00,490,..,..,..,..,..,..,..,..,..,..,..,..,INDIA.STATEASSAMDISTRICT-WISE,,,,,,,,,,,,,,,,,,,,,,,,,,
,2000-01,..,..,..,..,..,..,..,..,..,..,..,..,..,INDIA.STATEASSAMDISTRICT-WISE,,,,,,,,,,,,,,,,,,,,,,,,,,
NAGAON,1998-99,609,..,..,..,..,..,..,..,1700,1163,300,..,..,INDIA.STATEASSAMDISTRICT-WISE,,,,,,,,,,,,,,,,,,,,,,,,,,
,,680,..,..,..,..,..,..,..,..,..,..,..,..,INDIA.STATEASSAMDISTRICT-WISE,,,,,,,,,,,,,,,,,,,,,,,,,,
,1999-00,588,..,..,..,..,..,..,..,1350,908,328,..,..,INDIA.STATEASSAMDISTRICT-WISE,,,,,,,,,,,,,,,,,,,,,,,,,,
,,583,..,..,..,..,..,..,..,..,..,..,..,..,INDIA.STATEASSAMDISTRICT-WISE,,,,,,,,,,,,,,,,,,,,,,,,,,
,2000-01,519,..,..,..,..,..,..,..,..,958,287,..,..,INDIA.STATEASSAMDISTRICT-WISE,,,,,,,,,,,,,,,,,,,,,,,,,,
,,434,..,..,..,..,..,..,..,..,..,..,..,..,INDIA.STATEASSAMDISTRICT-WISE,,,,,,,,,,,,,,,,,,,,,,,,,,
SIBSAGAR,1998-99,538,..,..,..,..,..,..,..,..,..,..,..,..,INDIA.STATEASSAMDISTRICT-WISE,,,,,,,,,,,,,,,,,,,,,,,,,,
,,579,..,..,..,..,..,..,..,..,..,..,..,..,INDIA.STATEASSAMDISTRICT-WISE,,,,,,,,,,,,,,,,,,,,,,,,,,
,1999-00,..,..,..,..,..,..,..,..,..,..,..,..,..,INDIA.STATEASSAMDISTRICT-WISE,,,,,,,,,,,,,,,,,,,,,,,,,,
,2000-01,..,..,..,..,..,..,..,..,..,..,..,..,..,INDIA.STATEASSAMDISTRICT-WISE,,,,,,,,,,,,,,,,,,,,,,,,,,
DARRANG,1998-99,779,..,..,..,..,..,..,..,..,114,346,..,..,INDIA.STATEASSAMDISTRICT-WISE,,,,,,,,,,,,,,,,,,,,,,,,,,
,,488,..,..,..,..,..,..,..,..,..,..,..,..,INDIA.STATEASSAMDISTRICT-WISE,,,,,,,,,,,,,,,,,,,,,,,,,,
,1999-00,636,..,..,..,..,..,..,..,..,400,425,..,..,INDIA.STATEASSAMDISTRICT-WISE,,,,,,,,,,,,,,,,,,,,,,,,,,
,,624,..,..,..,..,..,..,..,..,..,..,..,..,INDIA.STATEASSAMDISTRICT-WISE,,,,,,,,,,,,,,,,,,,,,,,,,,
,2000-01,378,..,..,..,..,..,..,..,..,300,..,..,..,INDIA.STATEASSAMDISTRICT-WISE,,,,,,,,,,,,,,,,,,,,,,,,,,
GUNA,1998-99,,,,,,,,,,,,,,INDIA.STATEMADHYAPRADESHDISTRICT-W,1267,..,1272,..,,..,,..,..,1854,..,..,..,,,,,,,..,,,,,,..
,1999-00,,,,,,,,,,,,,,INDIA.STATEMADHYAPRADESHDISTRICT-W,1097,..,1203,..,,..,,..,..,1960,..,..,..,,,,,,,..,,,,,,..
,2000-01,,,,,,,,,,,,,,INDIA.STATEMADHYAPRADESHDISTRICT-W,1000,..,1437,..,,..,,..,..,1726,..,..,..,,,,,,,..,,,,,,..
DATIA,1998-99,,,,,,,,,,,,,,INDIA.STATEMADHYAPRADESHDISTRICT-W,1460,2600,1572,..,,..,,..,..,..,..,..,..,,,,,,,..,,,,,,..
,1999-00,,,,,,,,,,,,,,INDIA.STATEMADHYAPRADESHDISTRICT-W,1311,..,1425,..,,..,,..,..,..,..,..,..,,,,,,,..,,,,,,..
,2000-01,,,,,,,,,,,,,,INDIA.STATEMADHYAPRADESHDISTRICT-W,1343,1955,1241,..,,..,,..,..,..,..,..,..,,,,,,,..,,,,,,..
BHOPAL,1998-99,,,,,,,,,,,,,,INDIA.STATEMADHYAPRADESHDISTRICT-W,..,..,1324,..,,..,,..,..,..,4753,..,..,,,,,,,858,,,,,,..
,1999-00,,,,,,,,,,,,,,INDIA.STATEMADHYAPRADESHDISTRICT-W,..,..,..,..,,..,,..,..,..,4099,..,..,,,,,,,..,,,,,,..
,2000-01,,,,,,,,,,,,,,INDIA.STATEMADHYAPRADESHDISTRICT-W,..,..,..,..,,..,,..,..,..,3984,..,..,,,,,,,..,,,,,,..
SEHORE,1998-99,,,,,,,,,,,,,,INDIA.STATEMADHYAPRADESHDISTRICT-W,..,2300,1600,..,,..,,..,..,2533,4521,..,..,,,,,,,803,,,,,,..
,1999-00,,,,,,,,,,,,,,INDIA.STATEMADHYAPRADESHDISTRICT-W,..,2211,1340,..,,..,,..,..,2473,4091,..,..,,,,,,,770,,,,,,..
,2000-01,,,,,,,,,,,,,,INDIA.STATEMADHYAPRADESHDISTRICT-W,..,1750,..,..,,..,,..,..,1429,3953,..,..,,,,,,,985,,,,,,..
RAISON,1998-99,,,,,,,,,,,,,,INDIA.STATEMADHYAPRADESHDISTRICT-W,..,2286,1157,..,,..,,..,..,..,..,..,..,,,,,,,1000,,,,,,..
,1999-00,,,,,,,,,,,,,,INDIA.STATEMADHYAPRADESHDISTRICT-W,..,..,1357,..,,..,,..,..,..,..,..,..,,,,,,,853,,,,,,..
,2000-01,,,,,,,,,,,,,,INDIA.STATEMADHYAPRADESHDISTRICT-W,..,2000,1531,..,,..,,..,..,..,..,..,..,,,,,,,..,,,,,,..
VIDISHA,1998-99,,,,,,,,,,,,,,INDIA.STATEMADHYAPRADESHDISTRICT-W,1300,..,1454,..,,..,,..,..,..,..,..,..,,,,,,,..,,,,,,..
,1999-00,,,,,,,,,,,,,,INDIA.STATEMADHYAPRADESHDISTRICT-W,..,..,..,..,,..,,..,..,..,..,..,..,,,,,,,..,,,,,,..
,2000-01,,,,,,,,,,,,,,INDIA.STATEMADHYAPRADESHDISTRICT-W,..,..,1251,..,,..,,..,..,..,..,..,..,,,,,,,..,,,,,,..
BETUL,1998-99,,,,,,,,,,,,,,INDIA.STATEMADHYAPRADESHDISTRICT-W,..,2667,..,..,,4667,,..,..,2838,4776,..,..,,,,,,,789,,,,,,..
,1999-00,,,,,,,,,,,,,,INDIA.STATEMADHYAPRADESHDISTRICT-W,..,2080,..,..,,..,,..,..,3282,3856,..,..,,,,,,,736,,,,,,1575
,2000-01,,,,,,,,,,,,,,INDIA.STATEMADHYAPRADESHDISTRICT-W,..,2500,..,..,,..,,..,..,2814,3463,..,..,,,,,,,895,,,,,,..
RAJGARH,1998-99,,,,,,,,,,,,,,INDIA.STATEMADHYAPRADESHDISTRICT-W,..,2602,..,..,,..,,2168,..,..,4531,..,..,,,,,,,862,,,,,,..
,1999-00,,,,,,,,,,,,,,INDIA.STATEMADHYAPRADESHDISTRICT-W,..,2223,..,..,,..,,1913,..,..,4092,..,..,,,,,,,807,,,,,,..
,2000-01,,,,,,,,,,,,,,INDIA.STATEMADHYAPRADESHDISTRICT-W,..,2363,..,..,,..,,1100,..,..,3879,..,..,,,,,,,940,,,,,,..
HOSHANGABAD,1998-99,,,,,,,,,,,,,,INDIA.STATEMADHYAPRADESHDISTRICT-W,..,2448,1458,..,,2115,,..,..,2486,4710,..,..,,,,,,,750,,,,,,..
,1999-00,,,,,,,,,,,,,,INDIA.STATEMADHYAPRADESHDISTRICT-W,..,3374,1317,..,,..,,..,..,2961,4259,..,..,,,,,,,743,,,,,,..
,2000-01,,,,,,,,,,,,,,INDIA.STATEMADHYAPRADESHDISTRICT-W,..,2000,1310,..,,..,,..,..,2796,3861,..,..,,,,,,,941,,,,,,..
DHAMTARI #,1998-99,,,,,,,,,,,,,,INDIA.STATEMADHYAPRADESHDISTRICT-W,..,..,..,..,,..,,..,..,..,..,..,..,,,,,,,..,,,,,,..
,1999-00,,,,,,,,,,,,,,INDIA.STATEMADHYAPRADESHDISTRICT-W,..,2300,1920,..,,..,,..,..,..,..,..,..,,,,,,,..,,,,,,..
KABARDHA #,1998-99,,,,,,,,,,,,,,INDIA.STATEMADHYAPRADESHDISTRICT-W,..,..,..,..,,..,,..,..,..,..,..,..,,,,,,,..,,,,,,..
,1999-00,,,,,,,,,,,,,,INDIA.STATEMADHYAPRADESHDISTRICT-W,1310,2517,1366,..,,..,,..,..,..,3813,..,..,,,,,,,..,,,,,,..
DANTHBADA #,1998-99,,,,,,,,,,,,,,INDIA.STATEMADHYAPRADESHDISTRICT-W,..,..,..,..,,..,,..,..,..,..,..,..,,,,,,,..,,,,,,..
,1999-00,,,,,,,,,,,,,,INDIA.STATEMADHYAPRADESHDISTRICT-W,..,..,..,..,,..,,..,..,..,..,..,..,,,,,,,..,,,,,,..
KANKAR,1998-99,,,,,,,,,,,,,,INDIA.STATEMADHYAPRADESHDISTRICT-W,..,..,..,..,,..,,..,..,..,..,..,..,,,,,,,..,,,,,,..
,1999-00,,,,,,,,,,,,,,INDIA.STATEMADHYAPRADESHDISTRICT-W,1900,..,1500,..,,..,,..,..,..,..,..,..,,,,,,,..,,,,,,..
JANGGIR #,1998-99,,,,,,,,,,,,,,INDIA.STATEMADHYAPRADESHDISTRICT-W,..,..,..,..,,..,,..,..,..,..,..,..,,,,,,,..,,,,,,..
,1999-00,,,,,,,,,,,,,,INDIA.STATEMADHYAPRADESHDISTRICT-W,..,2275,1462,..,,..,,..,..,..,4306,3400,..,,,,,,,..,,,,,,..
KORIYA #,1998-99,,,,,,,,,,,,,,INDIA.STATEMADHYAPRADESHDISTRICT-W,..,..,..,..,,..,,..,..,..,..,..,..,,,,,,,..,,,,,,..
,1999-00,,,,,,,,,,,,,,INDIA.STATEMADHYAPRADESHDISTRICT-W,1655,..,..,..,,..,,..,..,2074,..,..,..,,,,,,,..,,,,,,1300
JASPUR #,1998-99,,,,,,,,,,,,,,INDIA.STATEMADHYAPRADESHDISTRICT-W,..,..,..,..,,..,,..,..,..,..,..,..,,,,,,,..,,,,,,..
,1999-00,,,,,,,,,,,,,,INDIA.STATEMADHYAPRADESHDISTRICT-W,1485,2000,..,..,,..,,..,..,..,4221,2984,..,,,,,,,..,,,,,,1622
KATNI,1998-99,,,,,,,,,,,,,,INDIA.STATEMADHYAPRADESHDISTRICT-W,..,..,..,..,,..,,..,..,..,..,..,..,,,,,,,..,,,,,,..
,1999-00,,,,,,,,,,,,,,INDIA.STATEMADHYAPRADESHDISTRICT-W,1316,..,1310,..,,..,,..,..,1998,..,..,..,,,,,,,..,,,,,,1100
,2000-01,,,,,,,,,,,,,,INDIA.STATEMADHYAPRADESHDISTRICT-W,1116,..,1229,..,,..,,..,..,1743,..,..,..,,,,,,,..,,,,,,1200
DINDIRI,1998-99,,,,,,,,,,,,,,INDIA.STATEMADHYAPRADESHDISTRICT-W,..,..,..,..,,..,,..,..,..,..,..,..,,,,,,,..,,,,,,..
,1999-00,,,,,,,,,,,,,,INDIA.STATEMADHYAPRADESHDISTRICT-W,1327,..,..,..,,..,,..,..,..,..,..,..,,,,,,,..,,,,,,..
,2000-01,,,,,,,,,,,,,,INDIA.STATEMADHYAPRADESHDISTRICT-W,1332,..,..,..,,..,,..,..,..,..,..,..,,,,,,,..,,,,,,..
UMRIYA,1998-99,,,,,,,,,,,,,,INDIA.STATEMADHYAPRADESHDISTRICT-W,..,..,..,..,,..,,..,..,..,..,..,..,,,,,,,..,,,,,,..
,1999-00,,,,,,,,,,,,,,INDIA.STATEMADHYAPRADESHDISTRICT-W,..,..,1292,..,,..,,..,..,1577,5476,3000,..,,,,,,,..,,,,,,..
,2000-01,,,,,,,,,,,,,,INDIA.STATEMADHYAPRADESHDISTRICT-W,1620,2525,1521,..,,..,,..,..,1570,5050,2450,..,,,,,,,..,,,,,,1000
BADBANI,1998-99,,,,,,,,,,,,,,INDIA.STATEMADHYAPRADESHDISTRICT-W,..,..,..,..,,..,,..,..,..,..,..,..,,,,,,,..,,,,,,..
,1999-00,,,,,,,,,,,,,,INDIA.STATEMADHYAPRADESHDISTRICT-W,..,..,..,..,,..,,..,..,2369,..,..,..,,,,,,,778,,,,,,..
,2000-01,,,,,,,,,,,,,,INDIA.STATEMADHYAPRADESHDISTRICT-W,..,..,..,..,,..,,..,..,2041,..,..,..,,,,,,,942,,,,,,..
NIMUCH,1998-99,,,,,,,,,,,,,,INDIA.STATEMADHYAPRADESHDISTRICT-W,..,..,..,..,,..,,..,..,..,..,..,..,,,,,,,..,,,,,,..
,1999-00,,,,,,,,,,,,,,INDIA.STATEMADHYAPRADESHDISTRICT-W,1100,..,..,..,,..,,..,..,..,..,..,..,,,,,,,827,,,,,,..
,2000-01,,,,,,,,,,,,,,INDIA.STATEMADHYAPRADESHDISTRICT-W,1122,..,..,..,,..,,..,..,..,..,..,..,,,,,,,946,,,,,,..
SHEEYAPUR,1998-99,,,,,,,,,,,,,,INDIA.STATEMADHYAPRADESHDISTRICT-W,..,..,..,..,,..,,..,..,..,..,..,..,,,,,,,..,,,,,,..
,1999-00,,,,,,,,,,,,,,INDIA.STATEMADHYAPRADESHDISTRICT-W,1070,..,1300,..,,..,,..,..,..,..,4149,..,,,,,,,797,,,,,,..
,2000-01,,,,,,,,,,,,,,INDIA.STATEMADHYAPRADESHDISTRICT-W,1161,..,1248,..,,..,,..,..,..,3974,..,..,,,,,,,968,,,,,,..
HARDA,1998-99,,,,,,,,,,,,,,INDIA.STATEMADHYAPRADESHDISTRICT-W,..,..,..,..,,..,,..,..,..,..,..,..,,,,,,,..,,,,,,..
,1999-00,,,,,,,,,,,,,,INDIA.STATEMADHYAPRADESHDISTRICT-W,..,2275,..,..,,1711,,..,..,3068,4069,..,..,,,,,,,765,,,,,,..
,2000-01,,,,,,,,,,,,,,INDIA.STATEMADHYAPRADESHDISTRICT-W,..,2900,1341,..,,2184,,1524,..,2602,3591,..,..,,,,,,,885,,,,,,..
MADHYA PRADESH,1998-99,,,,,,,,,,,,,,INDIA.STATEMADHYAPRADESHDISTRICT-W,1417,2178,1377,1140,,2052,,2186,..,1817,4288,3550,551,,,,,,,843,,,,,,1348
(STATE weighted,1999-00,,,,,,,,,,,,,,INDIA.STATEMADHYAPRADESHDISTRICT-W,1159,1774,1569,1291,,1878,,1572,..,2098,3503,2915,675,,,,,,,860,,,,,,1557
Average),2000-01,,,,,,,,,,,,,,INDIA.STATEMADHYAPRADESHDISTRICT-W,1212,1756,1336,1000,,2066,,1151,..,2190,3545,2757,713,,,,,,,970,,,,,,1419
MIZORAM,1998-99,600,..,..,600,..,..,..,..,1450,420,800,8000,..,INDIA.STATEMIZORAMDISTRICT-WISE(Co,,,,,,,,,,,,,,,,,,,,,,,,,,
,1999-00,600,..,..,600,..,..,..,..,1450,420,800,8000,..,INDIA.STATEMIZORAMDISTRICT-WISE(Co,,,,,,,,,,,,,,,,,,,,,,,,,,
,2000-01,650,..,..,800,..,..,..,..,1400,550,900,8500,..,INDIA.STATEMIZORAMDISTRICT-WISE(Co,,,,,,,,,,,,,,,,,,,,,,,,,,
MIZORAM,1998-99,600,..,..,600,..,..,..,..,1450,420,800,8000,..,INDIA.STATEMIZORAMDISTRICT-WISE(Co,,,,,,,,,,,,,,,,,,,,,,,,,,
(S.W.Average),1999-00,600,..,..,600,..,..,..,..,1450,420,800,8000,..,INDIA.STATEMIZORAMDISTRICT-WISE(Co,,,,,,,,,,,,,,,,,,,,,,,,,,
,2000-01,650,..,..,800,..,..,..,..,..,550,900,8500,..,INDIA.STATEMIZORAMDISTRICT-WISE(Co,,,,,,,,,,,,,,,,,,,,,,,,,,
MIZORAM,1998-99,,,,,,,,,,,,,,INDIA.STATEMIZORAMDISTRICT-WISE(Co,1000,2000,..,..,..,2000,..,..,..,400,4500,800,..,,,,,,,,,,,,,
,1999-00,,,,,,,,,,,,,,INDIA.STATEMIZORAMDISTRICT-WISE(Co,1000,2000,..,..,..,2000,..,..,..,400,4500,800,..,,,,,,,,,,,,,
,2000-01,,,,,,,,,,,,,,INDIA.STATEMIZORAMDISTRICT-WISE(Co,1000,2000,..,..,..,2000,..,..,..,800,4000,900,..,,,,,,,,,,,,,
MIZORAM,1998-99,,,,,,,,,,,,,,INDIA.STATEMIZORAMDISTRICT-WISE(Co,1000,2000,..,..,..,2000,..,..,..,400,4500,800,..,,,,,,,,,,,,,
(S.W.Averahe),1999-00,,,,,,,,,,,,,,INDIA.STATEMIZORAMDISTRICT-WISE(Co,1000,2000,..,..,..,2000,..,..,..,400,4500,800,..,,,,,,,,,,,,,
,2000-01,,,,,,,,,,,,,,INDIA.STATEMIZORAMDISTRICT-WISE(Co,1000,2000,..,..,..,2000,..,..,..,800,4000,900,..,,,,,,,,,,,,,
NAGALAND,1998-99,500C,..,..,500,..,..,..,..,..,..,600,..,..,INDIA.STATENAGALANDDISTRICT-WISE(C,,,,,,,,,,,,,,,,,,,,,,,,,,
,1999-00,400C,..,..,480,..,500,..,..,1000,..,500,..,..,INDIA.STATENAGALANDDISTRICT-WISE(C,,,,,,,,,,,,,,,,,,,,,,,,,,
,2000-01,400C,..,..,500,..,500,..,..,1000,..,550,..,..,INDIA.STATENAGALANDDISTRICT-WISE(C,,,,,,,,,,,,,,,,,,,,,,,,,,
NAGALAND,1998-99,500C,..,..,500,..,..,..,..,..,..,600,..,..,INDIA.STATENAGALANDDISTRICT-WISE(C,,,,,,,,,,,,,,,,,,,,,,,,,,
(S.W.Average),1999-00,400C,..,..,480,..,500,..,..,1000,..,500,..,..,INDIA.STATENAGALANDDISTRICT-WISE(C,,,,,,,,,,,,,,,,,,,,,,,,,,
,2000-01,400C,..,..,500,..,500,..,..,1000,..,550,..,..,INDIA.STATENAGALANDDISTRICT-WISE(C,,,,,,,,,,,,,,,,,,,,,,,,,,
NAGALAND,1998-99,,,,,,,,,,,,,,INDIA.STATENAGALANDDISTRICT-WISE(C,850,..,..,..,..,..,..,..,..,600,5000,..,..,,,,,,,,,,,,,
,1999-00,,,,,,,,,,,,,,INDIA.STATENAGALANDDISTRICT-WISE(C,1000,..,1200,..,..,..,..,..,..,600,5000,..,..,,,,,,,,,,,,,
,2000-01,,,,,,,,,,,,,,INDIA.STATENAGALANDDISTRICT-WISE(C,1000,..,1200,..,..,..,..,..,..,600,5000,..,..,,,,,,,,,,,,,
NAGALAND,1998-99,,,,,,,,,,,,,,INDIA.STATENAGALANDDISTRICT-WISE(C,850,..,..,..,..,..,..,..,..,600,5000,..,..,,,,,,,,,,,,,
(S.W.Average),1999-00,,,,,,,,,,,,,,INDIA.STATENAGALANDDISTRICT-WISE(C,1000,..,1200,..,..,..,..,..,..,600,5000,..,..,,,,,,,,,,,,,
,2000-01,,,,,,,,,,,,,,INDIA.STATENAGALANDDISTRICT-WISE(C,1000,..,1200,..,..,..,..,..,..,600,5000,..,..,,,,,,,,,,,,,
ORISSA,1998-99,413,..,..,373,390,620,..,..,..,92,289,..,1234,INDIA.STATEORISSADISTRICT-WISE(Con,,,,,,,,,,,,,,,,,,,,,,,,,,
,1999-00,461,..,..,420,417,649,..,..,..,94,304,..,1266,INDIA.STATEORISSADISTRICT-WISE(Con,,,,,,,,,,,,,,,,,,,,,,,,,,
,2000-01,405,..,..,435,400,716,..,..,..,111,302,..,1244,INDIA.STATEORISSADISTRICT-WISE(Con,,,,,,,,,,,,,,,,,,,,,,,,,,
ORISSA,1998-99,413,..,..,373,390,620,..,..,..,92,289,..,1234,INDIA.STATEORISSADISTRICT-WISE(Con,,,,,,,,,,,,,,,,,,,,,,,,,,
(S.W.Average),1999-00,461,..,..,420,417,649,..,..,..,94,304,..,1266,INDIA.STATEORISSADISTRICT-WISE(Con,,,,,,,,,,,,,,,,,,,,,,,,,,
,2000-01,405,..,..,435,400,716,..,..,..,111,302,..,1244,INDIA.STATEORISSADISTRICT-WISE(Con,,,,,,,,,,,,,,,,,,,,,,,,,,
ORISSA,1998-99,,,,,,,,,,,,,,INDIA.STATEORISSADISTRICT-WISE(Con,1481,1413,..,..,..,..,846,..,..,..,..,..,..,,,,,,,,,,,,,
,1999-00,,,,,,,,,,,,,,INDIA.STATEORISSADISTRICT-WISE(Con,1474,1420,..,..,..,..,830,..,..,..,..,..,..,,,,,,,,,,,,,
,2000-01,,,,,,,,,,,,,,INDIA.STATEORISSADISTRICT-WISE(Con,1572,1426,..,..,..,..,950,..,..,..,..,..,..,,,,,,,,,,,,,
ORISSA,1998-99,,,,,,,,,,,,,,INDIA.STATEORISSADISTRICT-WISE(Con,1481,1413,..,..,..,..,846,..,..,..,..,..,..,,,,,,,,,,,,,
(S.W.Average),1999-00,,,,,,,,,,,,,,INDIA.STATEORISSADISTRICT-WISE(Con,1474,1420,..,..,..,..,830,..,..,..,..,..,..,,,,,,,,,,,,,
,2000-01,,,,,,,,,,,,,,INDIA.STATEORISSADISTRICT-WISE(Con,1572,1426,..,..,..,..,950,..,..,..,..,..,..,,,,,,,,,,,,,
HOSHIARPUR,1998-99,470,..,..,550,..,550,..,1500,..,1190,..,..,1350,INDIA.STATEPUNJABDISTRICT-WISE,,,,,,,,,,,,,,,,,,,,,,,,,,
,1999-00,540,..,..,400,..,580,..,1900,..,1200,..,..,1750,INDIA.STATEPUNJABDISTRICT-WISE,,,,,,,,,,,,,,,,,,,,,,,,,,
,2000-01,520,..,..,455,..,590,..,1900,..,1435,..,..,1700,INDIA.STATEPUNJABDISTRICT-WISE,,,,,,,,,,,,,,,,,,,,,,,,,,
JULLUNDER,1998-99,500,..,..,600,..,580,..,..,..,1050,..,..,..,INDIA.STATEPUNJABDISTRICT-WISE,,,,,,,,,,,,,,,,,,,,,,,,,,
,1999-00,450,..,..,400,..,580,..,..,..,900,..,..,..,INDIA.STATEPUNJABDISTRICT-WISE,,,,,,,,,,,,,,,,,,,,,,,,,,
,2000-01,400,..,..,400,..,580,..,1400,..,900,..,..,..,INDIA.STATEPUNJABDISTRICT-WISE,,,,,,,,,,,,,,,,,,,,,,,,,,
LUDHIANA,1998-99,450,..,..,700,..,600,525,..,..,1450,..,..,..,INDIA.STATEPUNJABDISTRICT-WISE,,,,,,,,,,,,,,,,,,,,,,,,,,
,1999-00,480,..,..,737,..,580,527,..,..,1437,..,..,..,INDIA.STATEPUNJABDISTRICT-WISE,,,,,,,,,,,,,,,,,,,,,,,,,,
,2000-09,470,..,..,570,..,625,550,1625,..,1437,..,..,..,INDIA.STATEPUNJABDISTRICT-WISE,,,,,,,,,,,,,,,,,,,,,,,,,,
FEROZEPUR,1998-99,463,500,..,..,..,527,546,1000,..,1125,..,..,..,INDIA.STATEPUNJABDISTRICT-WISE,,,,,,,,,,,,,,,,,,,,,,,,,,
,1999-00,492,608,..,..,..,574,492,1345,..,850,..,..,..,INDIA.STATEPUNJABDISTRICT-WISE,,,,,,,,,,,,,,,,,,,,,,,,,,
,2000-01,511,950,..,..,..,592,482,1195,..,1100,..,..,..,INDIA.STATEPUNJABDISTRICT-WISE,,,,,,,,,,,,,,,,,,,,,,,,,,
AMRITSAR,1998-99,505,..,..,570,..,510,..,1700,..,890,..,..,..,INDIA.STATEPUNJABDISTRICT-WISE,,,,,,,,,,,,,,,,,,,,,,,,,,
,1999-00,448,..,..,568,..,568,..,1700,..,900,..,..,..,INDIA.STATEPUNJABDISTRICT-WISE,,,,,,,,,,,,,,,,,,,,,,,,,,
,2000-01,485,..,..,535,..,580,..,1700,..,900,..,..,..,INDIA.STATEPUNJABDISTRICT-WISE,,,,,,,,,,,,,,,,,,,,,,,,,,
GURUDASPUR,1998-99,480,..,..,525,..,510,..,1100,..,900,..,..,..,INDIA.STATEPUNJABDISTRICT-WISE,,,,,,,,,,,,,,,,,,,,,,,,,,
,1999-00,540,..,..,500,..,500,..,1000,..,1200,..,..,..,INDIA.STATEPUNJABDISTRICT-WISE,,,,,,,,,,,,,,,,,,,,,,,,,,
,2000-01,540,..,..,500,..,610,..,1000,..,1200,..,..,..,INDIA.STATEPUNJABDISTRICT-WISE,,,,,,,,,,,,,,,,,,,,,,,,,,
KAPURTHALA,1998-99,470,..,..,546,..,550,..,..,..,890,..,..,..,INDIA.STATEPUNJABDISTRICT-WISE,,,,,,,,,,,,,,,,,,,,,,,,,,
,1999-00,510,..,..,480,..,510,..,..,..,900,..,..,..,INDIA.STATEPUNJABDISTRICT-WISE,,,,,,,,,,,,,,,,,,,,,,,,,,
,2000-01,510,..,..,480,..,510,..,1625,..,900,..,..,..,INDIA.STATEPUNJABDISTRICT-WISE,,,,,,,,,,,,,,,,,,,,,,,,,,
BHATINDA,1998-99,570,..,610,..,..,580,510,1300,..,..,..,..,1650,INDIA.STATEPUNJABDISTRICT-WISE,,,,,,,,,,,,,,,,,,,,,,,,,,
,1999-00,540,700,600,496,..,525,496,1100,..,..,..,..,1200,INDIA.STATEPUNJABDISTRICT-WISE,,,,,,,,,,,,,,,,,,,,,,,,,,
,2000-01,590,..,510,700,..,650,490,1100,..,..,..,..,..,INDIA.STATEPUNJABDISTRICT-WISE,,,,,,,,,,,,,,,,,,,,,,,,,,
PATIALA,1998-99,470,..,500,580,..,550,450,1325,..,750,..,..,..,INDIA.STATEPUNJABDISTRICT-WISE,,,,,,,,,,,,,,,,,,,,,,,,,,
,1999-00,520,..,..,650,..,580,510,1325,..,750,..,..,..,INDIA.STATEPUNJABDISTRICT-WISE,,,,,,,,,,,,,,,,,,,,,,,,,,
,2000-01,540,..,..,650,..,610,512,1325,..,750,..,..,..,INDIA.STATEPUNJABDISTRICT-WISE,,,,,,,,,,,,,,,,,,,,,,,,,,
